0,1,0,34
0,3,0,32
0,5,0,32
0,7,0,31
0,9,0,30
0,11,0,30
0,13,0,31
0,15,0,31
0,17,0,32
0,19,0,32
0,21,0,32
0,23,0,35
0,25,0,48
0,27,0,32
0,29,0,39
0,31,0,34
0,33,0,33
0,35,0,32
0,37,0,32
0,39,0,32
0,41,0,34
0,43,0,40
0,45,0,75
0,47,0,271
0,49,0,630
0,51,0,765
0,53,0,777
0,55,0,783
0,57,0,787
0,59,0,792
0,61,0,797
0,63,0,803
0,65,0,810
0,67,0,815
0,69,0,811
0,71,0,71
0,73,0,37
0,75,0,32
0,77,0,32
0,79,0,32
0,81,0,32
0,83,0,32
0,85,0,32
0,87,0,44
0,89,0,48
0,91,0,50
0,93,0,37
0,95,0,33
0,97,0,33
0,99,0,35
0,101,0,57
0,103,0,176
0,105,0,699
0,107,0,809
0,109,0,432
0,111,0,57
0,113,0,35
0,115,0,32
0,117,0,31
0,119,0,32
0,121,0,32
0,123,0,32
0,125,0,32
0,127,0,32
0,129,0,32
0,131,0,32
0,133,0,32
0,135,0,32
0,137,0,32
0,139,0,32
0,141,0,32
0,143,0,32
0,145,0,31
0,147,0,31
0,149,0,42
0,1,1,39
0,3,1,482
0,5,1,37
0,7,1,314
0,9,1,781
0,11,1,40
0,13,1,35
0,15,1,32
0,17,1,31
0,19,1,30
0,21,1,31
0,23,1,32
0,25,1,32
0,27,1,32
0,29,1,32
0,31,1,32
0,33,1,32
0,35,1,32
0,37,1,32
0,39,1,33
0,41,1,46
0,43,1,72
0,45,1,342
0,47,1,701
0,49,1,807
0,51,1,817
0,53,1,823
0,55,1,826
0,57,1,849
0,59,1,846
0,61,1,833
0,63,1,805
0,65,1,822
0,67,1,836
0,69,1,164
0,71,1,46
0,73,1,33
0,75,1,32
0,77,1,32
0,79,1,32
0,81,1,32
0,83,1,31
0,85,1,32
0,87,1,32
0,89,1,32
0,91,1,32
0,93,1,32
0,95,1,32
0,97,1,32
0,99,1,35
0,101,1,56
0,103,1,186
0,105,1,707
0,107,1,825
0,109,1,321
0,111,1,54
0,113,1,34
0,115,1,32
0,117,1,31
0,119,1,32
0,121,1,47
0,123,1,49
0,125,1,43
0,127,1,33
0,129,1,33
0,131,1,32
0,133,1,32
0,135,1,32
0,137,1,32
0,139,1,32
0,141,1,31
0,143,1,32
0,145,1,31
0,147,1,31
0,149,1,36
0,1,2,38
0,3,2,440
0,5,2,37
0,7,2,449
0,9,2,783
0,11,2,39
0,13,2,31
0,15,2,31
0,17,2,30
0,19,2,31
0,21,2,31
0,23,2,31
0,25,2,31
0,27,2,31
0,29,2,48
0,31,2,32
0,33,2,32
0,35,2,33
0,37,2,32
0,39,2,37
0,41,2,58
0,43,2,154
0,45,2,584
0,47,2,763
0,49,2,778
0,51,2,785
0,53,2,792
0,55,2,797
0,57,2,802
0,59,2,807
0,61,2,814
0,63,2,822
0,65,2,830
0,67,2,498
0,69,2,59
0,71,2,35
0,73,2,32
0,75,2,32
0,77,2,32
0,79,2,31
0,81,2,32
0,83,2,32
0,85,2,32
0,87,2,32
0,89,2,32
0,91,2,42
0,93,2,49
0,95,2,50
0,97,2,35
0,99,2,41
0,101,2,76
0,103,2,335
0,105,2,759
0,107,2,773
0,109,2,105
0,111,2,44
0,113,2,32
0,115,2,32
0,117,2,32
0,119,2,32
0,121,2,32
0,123,2,32
0,125,2,32
0,127,2,31
0,129,2,32
0,131,2,32
0,133,2,32
0,135,2,32
0,137,2,32
0,139,2,32
0,141,2,32
0,143,2,31
0,145,2,31
0,147,2,31
0,149,2,31
0,1,3,38
0,3,3,177
0,5,3,37
0,7,3,90
0,9,3,784
0,11,3,40
0,13,3,47
0,15,3,33
0,17,3,31
0,19,3,31
0,21,3,31
0,23,3,31
0,25,3,31
0,27,3,32
0,29,3,32
0,31,3,32
0,33,3,32
0,35,3,32
0,37,3,35
0,39,3,50
0,41,3,137
0,43,3,442
0,45,3,767
0,47,3,790
0,49,3,796
0,51,3,799
0,53,3,802
0,55,3,806
0,57,3,808
0,59,3,811
0,61,3,818
0,63,3,827
0,65,3,816
0,67,3,159
0,69,3,51
0,71,3,34
0,73,3,32
0,75,3,32
0,77,3,32
0,79,3,32
0,81,3,32
0,83,3,32
0,85,3,31
0,87,3,32
0,89,3,32
0,91,3,32
0,93,3,32
0,95,3,32
0,97,3,45
0,99,3,79
0,101,3,307
0,103,3,752
0,105,3,398
0,107,3,70
0,109,3,44
0,111,3,33
0,113,3,32
0,115,3,32
0,117,3,32
0,119,3,32
0,121,3,32
0,123,3,39
0,125,3,49
0,127,3,50
0,129,3,55
0,131,3,33
0,133,3,32
0,135,3,32
0,137,3,31
0,139,3,32
0,141,3,32
0,143,3,32
0,145,3,32
0,147,3,32
0,149,3,50
0,1,4,38
0,3,4,108
0,5,4,38
0,7,4,290
0,9,4,764
0,11,4,39
0,13,4,31
0,15,4,31
0,17,4,31
0,19,4,31
0,21,4,31
0,23,4,31
0,25,4,32
0,27,4,32
0,29,4,32
0,31,4,32
0,33,4,49
0,35,4,51
0,37,4,46
0,39,4,70
0,41,4,272
0,43,4,690
0,45,4,785
0,47,4,795
0,49,4,799
0,51,4,802
0,53,4,806
0,55,4,810
0,57,4,814
0,59,4,818
0,61,4,824
0,63,4,830
0,65,4,829
0,67,4,92
0,69,4,42
0,71,4,33
0,73,4,32
0,75,4,32
0,77,4,32
0,79,4,32
0,81,4,32
0,83,4,32
0,85,4,32
0,87,4,32
0,89,4,32
0,91,4,32
0,93,4,34
0,95,4,66
0,97,4,152
0,99,4,482
0,101,4,754
0,103,4,196
0,105,4,52
0,107,4,35
0,109,4,32
0,111,4,32
0,113,4,32
0,115,4,32
0,117,4,32
0,119,4,32
0,121,4,32
0,123,4,32
0,125,4,32
0,127,4,32
0,129,4,32
0,131,4,32
0,133,4,32
0,135,4,32
0,137,4,32
0,139,4,32
0,141,4,32
0,143,4,32
0,145,4,31
0,147,4,31
0,149,4,31
0,1,5,33
0,3,5,34
0,5,5,38
0,7,5,57
0,9,5,764
0,11,5,39
0,13,5,48
0,15,5,50
0,17,5,31
0,19,5,30
0,21,5,31
0,23,5,31
0,25,5,32
0,27,5,32
0,29,5,32
0,31,5,32
0,33,5,33
0,35,5,46
0,37,5,73
0,39,5,212
0,41,5,694
0,43,5,793
0,45,5,802
0,47,5,805
0,49,5,807
0,51,5,811
0,53,5,815
0,55,5,819
0,57,5,823
0,59,5,828
0,61,5,831
0,63,5,837
0,65,5,626
0,67,5,88
0,69,5,53
0,71,5,34
0,73,5,33
0,75,5,32
0,77,5,32
0,79,5,32
0,81,5,32
0,83,5,32
0,85,5,32
0,87,5,32
0,89,5,32
0,91,5,43
0,93,5,133
0,95,5,560
0,97,5,793
0,99,5,413
0,101,5,65
0,103,5,36
0,105,5,32
0,107,5,32
0,109,5,32
0,111,5,32
0,113,5,31
0,115,5,32
0,117,5,31
0,119,5,32
0,121,5,32
0,123,5,32
0,125,5,32
0,127,5,42
0,129,5,49
0,131,5,50
0,133,5,35
0,135,5,32
0,137,5,32
0,139,5,32
0,141,5,31
0,143,5,32
0,145,5,32
0,147,5,35
0,149,5,50
0,1,6,38
0,3,6,38
0,5,6,39
0,7,6,172
0,9,6,753
0,11,6,40
0,13,6,31
0,15,6,31
0,17,6,31
0,19,6,30
0,21,6,31
0,23,6,31
0,25,6,32
0,27,6,32
0,29,6,32
0,31,6,32
0,33,6,40
0,35,6,82
0,37,6,192
0,39,6,585
0,41,6,739
0,43,6,745
0,45,6,778
0,47,6,783
0,49,6,789
0,51,6,793
0,53,6,798
0,55,6,803
0,57,6,807
0,59,6,811
0,61,6,815
0,63,6,818
0,65,6,465
0,67,6,60
0,69,6,38
0,71,6,32
0,73,6,32
0,75,6,32
0,77,6,32
0,79,6,32
0,81,6,32
0,83,6,32
0,85,6,35
0,87,6,50
0,89,6,125
0,91,6,542
0,93,6,768
0,95,6,303
0,97,6,58
0,99,6,54
0,101,6,50
0,103,6,40
0,105,6,34
0,107,6,32
0,109,6,32
0,111,6,32
0,113,6,32
0,115,6,32
0,117,6,32
0,119,6,32
0,121,6,32
0,123,6,32
0,125,6,32
0,127,6,32
0,129,6,32
0,131,6,32
0,133,6,32
0,135,6,32
0,137,6,32
0,139,6,32
0,141,6,32
0,143,6,32
0,145,6,31
0,147,6,31
0,149,6,31
0,1,7,38
0,3,7,34
0,5,7,51
0,7,7,401
0,9,7,757
0,11,7,40
0,13,7,50
0,15,7,50
0,17,7,31
0,19,7,31
0,21,7,31
0,23,7,31
0,25,7,32
0,27,7,32
0,29,7,32
0,31,7,35
0,33,7,53
0,35,7,145
0,37,7,436
0,39,7,744
0,41,7,777
0,43,7,781
0,45,7,785
0,47,7,787
0,49,7,790
0,51,7,793
0,53,7,797
0,55,7,801
0,57,7,804
0,59,7,807
0,61,7,810
0,63,7,811
0,65,7,155
0,67,7,68
0,69,7,54
0,71,7,49
0,73,7,36
0,75,7,33
0,77,7,33
0,79,7,32
0,81,7,42
0,83,7,67
0,85,7,228
0,87,7,636
0,89,7,758
0,91,7,385
0,93,7,52
0,95,7,34
0,97,7,32
0,99,7,32
0,101,7,32
0,103,7,32
0,105,7,32
0,107,7,32
0,109,7,32
0,111,7,32
0,113,7,31
0,115,7,32
0,117,7,32
0,119,7,32
0,121,7,32
0,123,7,32
0,125,7,32
0,127,7,32
0,129,7,32
0,131,7,48
0,133,7,50
0,135,7,36
0,137,7,33
0,139,7,32
0,141,7,32
0,143,7,32
0,145,7,32
0,147,7,50
0,149,7,50
0,1,8,38
0,3,8,38
0,5,8,399
0,7,8,108
0,9,8,755
0,11,8,40
0,13,8,31
0,15,8,31
0,17,8,31
0,19,8,30
0,21,8,31
0,23,8,31
0,25,8,31
0,27,8,32
0,29,8,32
0,31,8,38
0,33,8,64
0,35,8,170
0,37,8,538
0,39,8,776
0,41,8,785
0,43,8,780
0,45,8,777
0,47,8,789
0,49,8,797
0,51,8,804
0,53,8,809
0,55,8,814
0,57,8,818
0,59,8,821
0,61,8,823
0,63,8,820
0,65,8,123
0,67,8,50
0,69,8,35
0,71,8,32
0,73,8,32
0,75,8,36
0,77,8,48
0,79,8,132
0,81,8,560
0,83,8,749
0,85,8,784
0,87,8,139
0,89,8,48
0,91,8,34
0,93,8,32
0,95,8,32
0,97,8,32
0,99,8,28
0,101,8,48
0,103,8,49
0,105,8,40
0,107,8,34
0,109,8,32
0,111,8,32
0,113,8,32
0,115,8,32
0,117,8,32
0,119,8,32
0,121,8,32
0,123,8,32
0,125,8,32
0,127,8,32
0,129,8,32
0,131,8,32
0,133,8,32
0,135,8,32
0,137,8,32
0,139,8,32
0,141,8,31
0,143,8,32
0,145,8,31
0,147,8,31
0,149,8,31
0,1,9,38
0,3,9,38
0,5,9,84
0,7,9,352
0,9,9,785
0,11,9,39
0,13,9,50
0,15,9,50
0,17,9,31
0,19,9,31
0,21,9,31
0,23,9,31
0,25,9,32
0,27,9,32
0,29,9,32
0,31,9,36
0,33,9,58
0,35,9,171
0,37,9,515
0,39,9,783
0,41,9,808
0,43,9,814
0,45,9,817
0,47,9,819
0,49,9,819
0,51,9,819
0,53,9,820
0,55,9,819
0,57,9,817
0,59,9,812
0,61,9,806
0,63,9,790
0,65,9,108
0,67,9,50
0,69,9,44
0,71,9,57
0,73,9,95
0,75,9,312
0,77,9,643
0,79,9,713
0,81,9,231
0,83,9,61
0,85,9,37
0,87,9,32
0,89,9,32
0,91,9,32
0,93,9,32
0,95,9,32
0,97,9,32
0,99,9,32
0,101,9,32
0,103,9,32
0,105,9,32
0,107,9,32
0,109,9,32
0,111,9,32
0,113,9,32
0,115,9,32
0,117,9,32
0,119,9,32
0,121,9,32
0,123,9,32
0,125,9,32
0,127,9,32
0,129,9,32
0,131,9,28
0,133,9,48
0,135,9,48
0,137,9,37
0,139,9,33
0,141,9,32
0,143,9,32
0,145,9,33
0,147,9,50
0,149,9,51
0,1,10,38
0,3,10,37
0,5,10,38
0,7,10,305
0,9,10,761
0,11,10,39
0,13,10,31
0,15,10,31
0,17,10,31
0,19,10,31
0,21,10,31
0,23,10,31
0,25,10,32
0,27,10,31
0,29,10,32
0,31,10,34
0,33,10,49
0,35,10,98
0,37,10,307
0,39,10,734
0,41,10,808
0,43,10,785
0,45,10,813
0,47,10,825
0,49,10,832
0,51,10,837
0,53,10,840
0,55,10,843
0,57,10,845
0,59,10,848
0,61,10,850
0,63,10,845
0,65,10,250
0,67,10,372
0,69,10,635
0,71,10,736
0,73,10,764
0,75,10,322
0,77,10,68
0,79,10,38
0,81,10,32
0,83,10,32
0,85,10,32
0,87,10,32
0,89,10,32
0,91,10,32
0,93,10,32
0,95,10,28
0,97,10,48
0,99,10,50
0,101,10,37
0,103,10,33
0,105,10,32
0,107,10,32
0,109,10,32
0,111,10,32
0,113,10,32
0,115,10,32
0,117,10,32
0,119,10,32
0,121,10,32
0,123,10,32
0,125,10,32
0,127,10,32
0,129,10,32
0,131,10,32
0,133,10,32
0,135,10,32
0,137,10,32
0,139,10,32
0,141,10,32
0,143,10,32
0,145,10,32
0,147,10,31
0,149,10,31
0,1,11,34
0,3,11,38
0,5,11,38
0,7,11,469
0,9,11,739
0,11,11,40
0,13,11,48
0,15,11,34
0,17,11,31
0,19,11,31
0,21,11,31
0,23,11,31
0,25,11,32
0,27,11,32
0,29,11,32
0,31,11,32
0,33,11,37
0,35,11,60
0,37,11,114
0,39,11,379
0,41,11,726
0,43,11,746
0,45,11,751
0,47,11,752
0,49,11,753
0,51,11,754
0,53,11,757
0,55,11,759
0,57,11,771
0,59,11,783
0,61,11,768
0,63,11,742
0,65,11,753
0,67,11,754
0,69,11,755
0,71,11,112
0,73,11,43
0,75,11,33
0,77,11,32
0,79,11,32
0,81,11,32
0,83,11,32
0,85,11,32
0,87,11,32
0,89,11,32
0,91,11,32
0,93,11,32
0,95,11,32
0,97,11,32
0,99,11,32
0,101,11,32
0,103,11,32
0,105,11,32
0,107,11,32
0,109,11,32
0,111,11,32
0,113,11,32
0,115,11,32
0,117,11,43
0,119,11,49
0,121,11,55
0,123,11,34
0,125,11,33
0,127,11,32
0,129,11,32
0,131,11,32
0,133,11,32
0,135,11,32
0,137,11,32
0,139,11,32
0,141,11,32
0,143,11,31
0,145,11,31
0,147,11,31
0,149,11,32
0,1,12,38
0,3,12,38
0,5,12,37
0,7,12,306
0,9,12,730
0,11,12,33
0,13,12,31
0,15,12,31
0,17,12,31
0,19,12,29
0,21,12,31
0,23,12,31
0,25,12,41
0,27,12,32
0,29,12,32
0,31,12,32
0,33,12,32
0,35,12,38
0,37,12,52
0,39,12,109
0,41,12,470
0,43,12,757
0,45,12,777
0,47,12,781
0,49,12,784
0,51,12,787
0,53,12,790
0,55,12,793
0,57,12,796
0,59,12,798
0,61,12,800
0,63,12,802
0,65,12,168
0,67,12,53
0,69,12,35
0,71,12,32
0,73,12,32
0,75,12,32
0,77,12,32
0,79,12,44
0,81,12,49
0,83,12,50
0,85,12,36
0,87,12,34
0,89,12,33
0,91,12,32
0,93,12,32
0,95,12,32
0,97,12,32
0,99,12,32
0,101,12,32
0,103,12,32
0,105,12,32
0,107,12,32
0,109,12,32
0,111,12,31
0,113,12,32
0,115,12,32
0,117,12,32
0,119,12,32
0,121,12,32
0,123,12,32
0,125,12,32
0,127,12,32
0,129,12,32
0,131,12,32
0,133,12,32
0,135,12,32
0,137,12,28
0,139,12,46
0,141,12,50
0,143,12,36
0,145,12,50
0,147,12,50
0,149,12,51
0,1,13,37
0,3,13,38
0,5,13,38
0,7,13,138
0,9,13,758
0,11,13,40
0,13,13,31
0,15,13,31
0,17,13,31
0,19,13,31
0,21,13,31
0,23,13,31
0,25,13,32
0,27,13,32
0,29,13,31
0,31,13,32
0,33,13,32
0,35,13,32
0,37,13,35
0,39,13,45
0,41,13,108
0,43,13,373
0,45,13,749
0,47,13,751
0,49,13,767
0,51,13,782
0,53,13,793
0,55,13,800
0,57,13,803
0,59,13,807
0,61,13,810
0,63,13,811
0,65,13,769
0,67,13,69
0,69,13,39
0,71,13,32
0,73,13,32
0,75,13,32
0,77,13,32
0,79,13,32
0,81,13,32
0,83,13,32
0,85,13,32
0,87,13,32
0,89,13,32
0,91,13,32
0,93,13,32
0,95,13,32
0,97,13,32
0,99,13,32
0,101,13,28
0,103,13,48
0,105,13,50
0,107,13,36
0,109,13,33
0,111,13,32
0,113,13,32
0,115,13,32
0,117,13,32
0,119,13,32
0,121,13,32
0,123,13,32
0,125,13,32
0,127,13,32
0,129,13,32
0,131,13,32
0,133,13,32
0,135,13,32
0,137,13,32
0,139,13,32
0,141,13,32
0,143,13,32
0,145,13,31
0,147,13,31
0,149,13,31
0,1,14,39
0,3,14,37
0,5,14,32
0,7,14,569
0,9,14,435
0,11,14,39
0,13,14,50
0,15,14,50
0,17,14,31
0,19,14,30
0,21,14,31
0,23,14,31
0,25,14,31
0,27,14,32
0,29,14,32
0,31,14,32
0,33,14,32
0,35,14,32
0,37,14,32
0,39,14,32
0,41,14,45
0,43,14,80
0,45,14,415
0,47,14,708
0,49,14,732
0,51,14,740
0,53,14,747
0,55,14,752
0,57,14,756
0,59,14,760
0,61,14,764
0,63,14,775
0,65,14,793
0,67,14,776
0,69,14,97
0,71,14,42
0,73,14,33
0,75,14,32
0,77,14,32
0,79,14,32
0,81,14,32
0,83,14,32
0,85,14,32
0,87,14,32
0,89,14,32
0,91,14,32
0,93,14,32
0,95,14,32
0,97,14,32
0,99,14,32
0,101,14,32
0,103,14,32
0,105,14,32
0,107,14,32
0,109,14,32
0,111,14,32
0,113,14,32
0,115,14,32
0,117,14,32
0,119,14,32
0,121,14,32
0,123,14,41
0,125,14,49
0,127,14,50
0,129,14,36
0,131,14,36
0,133,14,32
0,135,14,32
0,137,14,32
0,139,14,32
0,141,14,32
0,143,14,32
0,145,14,31
0,147,14,32
0,149,14,50
0,1,15,38
0,3,15,38
0,5,15,38
0,7,15,610
0,9,15,722
0,11,15,39
0,13,15,31
0,15,15,31
0,17,15,31
0,19,15,30
0,21,15,31
0,23,15,31
0,25,15,31
0,27,15,32
0,29,15,48
0,31,15,31
0,33,15,35
0,35,15,32
0,37,15,32
0,39,15,34
0,41,15,51
0,43,15,113
0,45,15,477
0,47,15,724
0,49,15,742
0,51,15,747
0,53,15,751
0,55,15,755
0,57,15,758
0,59,15,762
0,61,15,767
0,63,15,771
0,65,15,774
0,67,15,775
0,69,15,774
0,71,15,103
0,73,15,40
0,75,15,32
0,77,15,32
0,79,15,32
0,81,15,32
0,83,15,32
0,85,15,28
0,87,15,48
0,89,15,50
0,91,15,38
0,93,15,33
0,95,15,32
0,97,15,32
0,99,15,32
0,101,15,32
0,103,15,32
0,105,15,32
0,107,15,32
0,109,15,32
0,111,15,32
0,113,15,32
0,115,15,32
0,117,15,32
0,119,15,32
0,121,15,31
0,123,15,32
0,125,15,32
0,127,15,32
0,129,15,32
0,131,15,32
0,133,15,32
0,135,15,31
0,137,15,32
0,139,15,32
0,141,15,32
0,143,15,32
0,145,15,46
0,147,15,50
0,149,15,50
0,1,16,38
0,3,16,37
0,5,16,38
0,7,16,652
0,9,16,467
0,11,16,40
0,13,16,32
0,15,16,31
0,17,16,31
0,19,16,31
0,21,16,31
0,23,16,31
0,25,16,32
0,27,16,32
0,29,16,32
0,31,16,32
0,33,16,33
0,35,16,45
0,37,16,75
0,39,16,255
0,41,16,644
0,43,16,664
0,45,16,451
0,47,16,289
0,49,16,342
0,51,16,594
0,53,16,712
0,55,16,729
0,57,16,748
0,59,16,759
0,61,16,765
0,63,16,767
0,65,16,768
0,67,16,767
0,69,16,766
0,71,16,765
0,73,16,217
0,75,16,59
0,77,16,40
0,79,16,32
0,81,16,32
0,83,16,32
0,85,16,32
0,87,16,32
0,89,16,32
0,91,16,32
0,93,16,32
0,95,16,32
0,97,16,32
0,99,16,32
0,101,16,32
0,103,16,31
0,105,16,32
0,107,16,32
0,109,16,48
0,111,16,50
0,113,16,35
0,115,16,33
0,117,16,32
0,119,16,32
0,121,16,32
0,123,16,32
0,125,16,32
0,127,16,32
0,129,16,32
0,131,16,32
0,133,16,32
0,135,16,32
0,137,16,32
0,139,16,32
0,141,16,32
0,143,16,32
0,145,16,31
0,147,16,31
0,149,16,31
0,1,17,38
0,3,17,37
0,5,17,38
0,7,17,711
0,9,17,39
0,11,17,38
0,13,17,49
0,15,17,50
0,17,17,33
0,19,17,31
0,21,17,31
0,23,17,31
0,25,17,32
0,27,17,32
0,29,17,32
0,31,17,47
0,33,17,97
0,35,17,411
0,37,17,658
0,39,17,671
0,41,17,90
0,43,17,47
0,45,17,33
0,47,17,32
0,49,17,38
0,51,17,60
0,53,17,308
0,55,17,725
0,57,17,758
0,59,17,763
0,61,17,765
0,63,17,766
0,65,17,766
0,67,17,765
0,69,17,765
0,71,17,785
0,73,17,767
0,75,17,731
0,77,17,209
0,79,17,54
0,81,17,35
0,83,17,32
0,85,17,32
0,87,17,32
0,89,17,32
0,91,17,32
0,93,17,32
0,95,17,32
0,97,17,32
0,99,17,32
0,101,17,32
0,103,17,32
0,105,17,32
0,107,17,32
0,109,17,31
0,111,17,32
0,113,17,32
0,115,17,32
0,117,17,31
0,119,17,32
0,121,17,32
0,123,17,32
0,125,17,32
0,127,17,32
0,129,17,44
0,131,17,49
0,133,17,47
0,135,17,33
0,137,17,32
0,139,17,32
0,141,17,32
0,143,17,32
0,145,17,31
0,147,17,37
0,149,17,50
0,1,18,38
0,3,18,38
0,5,18,42
0,7,18,715
0,9,18,38
0,11,18,124
0,13,18,31
0,15,18,31
0,17,18,31
0,19,18,31
0,21,18,31
0,23,18,31
0,25,18,32
0,27,18,37
0,29,18,90
0,31,18,259
0,33,18,648
0,35,18,671
0,37,18,107
0,39,18,50
0,41,18,35
0,43,18,32
0,45,18,32
0,47,18,32
0,49,18,32
0,51,18,32
0,53,18,52
0,55,18,146
0,57,18,525
0,59,18,746
0,61,18,758
0,63,18,762
0,65,18,765
0,67,18,765
0,69,18,766
0,71,18,766
0,73,18,768
0,75,18,769
0,77,18,769
0,79,18,735
0,81,18,70
0,83,18,46
0,85,18,33
0,87,18,32
0,89,18,32
0,91,18,35
0,93,18,48
0,95,18,49
0,97,18,36
0,99,18,33
0,101,18,32
0,103,18,32
0,105,18,32
0,107,18,32
0,109,18,32
0,111,18,32
0,113,18,32
0,115,18,32
0,117,18,32
0,119,18,32
0,121,18,32
0,123,18,32
0,125,18,32
0,127,18,32
0,129,18,32
0,131,18,32
0,133,18,32
0,135,18,32
0,137,18,32
0,139,18,32
0,141,18,32
0,143,18,32
0,145,18,31
0,147,18,31
0,149,18,42
0,1,19,38
0,3,19,38
0,5,19,60
0,7,19,721
0,9,19,38
0,11,19,422
0,13,19,47
0,15,19,32
0,17,19,31
0,19,19,31
0,21,19,31
0,23,19,34
0,25,19,44
0,27,19,66
0,29,19,338
0,31,19,702
0,33,19,230
0,35,19,57
0,37,19,40
0,39,19,32
0,41,19,32
0,43,19,32
0,45,19,32
0,47,19,32
0,49,19,32
0,51,19,32
0,53,19,32
0,55,19,56
0,57,19,91
0,59,19,281
0,61,19,650
0,63,19,740
0,65,19,754
0,67,19,758
0,69,19,760
0,71,19,762
0,73,19,764
0,75,19,764
0,77,19,764
0,79,19,765
0,81,19,767
0,83,19,340
0,85,19,56
0,87,19,39
0,89,19,32
0,91,19,32
0,93,19,32
0,95,19,32
0,97,19,32
0,99,19,32
0,101,19,32
0,103,19,32
0,105,19,32
0,107,19,32
0,109,19,32
0,111,19,31
0,113,19,42
0,115,19,49
0,117,19,50
0,119,19,34
0,121,19,32
0,123,19,32
0,125,19,32
0,127,19,31
0,129,19,32
0,131,19,32
0,133,19,32
0,135,19,31
0,137,19,32
0,139,19,32
0,141,19,31
0,143,19,32
0,145,19,31
0,147,19,31
0,149,19,31
0,1,20,38
0,3,20,38
0,5,20,509
0,7,20,723
0,9,20,38
0,11,20,479
0,13,20,32
0,15,20,28
0,17,20,48
0,19,20,51
0,21,20,35
0,23,20,45
0,25,20,67
0,27,20,139
0,29,20,573
0,31,20,459
0,33,20,68
0,35,20,39
0,37,20,33
0,39,20,32
0,41,20,32
0,43,20,32
0,45,20,32
0,47,20,32
0,49,20,32
0,51,20,32
0,53,20,32
0,55,20,32
0,57,20,37
0,59,20,57
0,61,20,234
0,63,20,674
0,65,20,747
0,67,20,752
0,69,20,754
0,71,20,756
0,73,20,757
0,75,20,778
0,77,20,773
0,79,20,754
0,81,20,759
0,83,20,742
0,85,20,752
0,87,20,141
0,89,20,51
0,91,20,34
0,93,20,32
0,95,20,32
0,97,20,32
0,99,20,32
0,101,20,32
0,103,20,32
0,105,20,32
0,107,20,32
0,109,20,32
0,111,20,32
0,113,20,31
0,115,20,32
0,117,20,31
0,119,20,32
0,121,20,31
0,123,20,32
0,125,20,32
0,127,20,32
0,129,20,32
0,131,20,32
0,133,20,33
0,135,20,48
0,137,20,49
0,139,20,35
0,141,20,33
0,143,20,32
0,145,20,33
0,147,20,50
0,149,20,50
0,1,21,38
0,3,21,37
0,5,21,533
0,7,21,738
0,9,21,38
0,11,21,254
0,13,21,35
0,15,21,34
0,17,21,34
0,19,21,36
0,21,21,42
0,23,21,58
0,25,21,103
0,27,21,283
0,29,21,749
0,31,21,94
0,33,21,46
0,35,21,34
0,37,21,42
0,39,21,48
0,41,21,50
0,43,21,39
0,45,21,33
0,47,21,32
0,49,21,32
0,51,21,32
0,53,21,32
0,55,21,32
0,57,21,32
0,59,21,35
0,61,21,51
0,63,21,168
0,65,21,666
0,67,21,826
0,69,21,837
0,71,21,840
0,73,21,842
0,75,21,842
0,77,21,840
0,79,21,840
0,81,21,841
0,83,21,842
0,85,21,842
0,87,21,842
0,89,21,208
0,91,21,51
0,93,21,34
0,95,21,32
0,97,21,44
0,99,21,49
0,101,21,55
0,103,21,34
0,105,21,32
0,107,21,32
0,109,21,32
0,111,21,32
0,113,21,32
0,115,21,32
0,117,21,32
0,119,21,32
0,121,21,32
0,123,21,32
0,125,21,31
0,127,21,32
0,129,21,32
0,131,21,32
0,133,21,31
0,135,21,31
0,137,21,31
0,139,21,32
0,141,21,32
0,143,21,32
0,145,21,31
0,147,21,31
0,149,21,31
0,1,22,32
0,3,22,38
0,5,22,540
0,7,22,791
0,9,22,38
0,11,22,68
0,13,22,55
0,15,22,38
0,17,22,34
0,19,22,37
0,21,22,43
0,23,22,57
0,25,22,97
0,27,22,231
0,29,22,704
0,31,22,92
0,33,22,46
0,35,22,33
0,37,22,32
0,39,22,32
0,41,22,32
0,43,22,32
0,45,22,32
0,47,22,32
0,49,22,32
0,51,22,32
0,53,22,32
0,55,22,32
0,57,22,32
0,59,22,28
0,61,22,50
0,63,22,68
0,65,22,170
0,67,22,572
0,69,22,762
0,71,22,778
0,73,22,785
0,75,22,789
0,77,22,791
0,79,22,793
0,81,22,795
0,83,22,796
0,85,22,798
0,87,22,798
0,89,22,799
0,91,22,237
0,93,22,45
0,95,22,33
0,97,22,32
0,99,22,32
0,101,22,31
0,103,22,32
0,105,22,32
0,107,22,32
0,109,22,32
0,111,22,31
0,113,22,32
0,115,22,32
0,117,22,28
0,119,22,48
0,121,22,50
0,123,22,35
0,125,22,33
0,127,22,32
0,129,22,32
0,131,22,31
0,133,22,32
0,135,22,31
0,137,22,32
0,139,22,31
0,141,22,31
0,143,22,31
0,145,22,31
0,147,22,30
0,149,22,32
0,1,23,38
0,3,23,37
0,5,23,705
0,7,23,61
0,9,23,38
0,11,23,398
0,13,23,33
0,15,23,32
0,17,23,32
0,19,23,34
0,21,23,36
0,23,23,47
0,25,23,66
0,27,23,134
0,29,23,522
0,31,23,130
0,33,23,52
0,35,23,34
0,37,23,32
0,39,23,32
0,41,23,32
0,43,23,32
0,45,23,32
0,47,23,32
0,49,23,31
0,51,23,32
0,53,23,32
0,55,23,32
0,57,23,32
0,59,23,32
0,61,23,32
0,63,23,41
0,65,23,103
0,67,23,361
0,69,23,785
0,71,23,831
0,73,23,840
0,75,23,843
0,77,23,843
0,79,23,843
0,81,23,870
0,83,23,852
0,85,23,818
0,87,23,807
0,89,23,830
0,91,23,838
0,93,23,74
0,95,23,38
0,97,23,32
0,99,23,32
0,101,23,31
0,103,23,31
0,105,23,31
0,107,23,31
0,109,23,31
0,111,23,31
0,113,23,31
0,115,23,31
0,117,23,31
0,119,23,31
0,121,23,32
0,123,23,31
0,125,23,31
0,127,23,31
0,129,23,31
0,131,23,31
0,133,23,31
0,135,23,31
0,137,23,31
0,139,23,45
0,141,23,49
0,143,23,39
0,145,23,50
0,147,23,50
0,149,23,50
0,1,24,38
0,3,24,37
0,5,24,690
0,7,24,96
0,9,24,38
0,11,24,313
0,13,24,31
0,15,24,32
0,17,24,31
0,19,24,31
0,21,24,32
0,23,24,37
0,25,24,47
0,27,24,63
0,29,24,321
0,31,24,662
0,33,24,70
0,35,24,39
0,37,24,33
0,39,24,32
0,41,24,32
0,43,24,44
0,45,24,48
0,47,24,50
0,49,24,34
0,51,24,32
0,53,24,32
0,55,24,32
0,57,24,32
0,59,24,32
0,61,24,32
0,63,24,35
0,65,24,63
0,67,24,198
0,69,24,696
0,71,24,793
0,73,24,788
0,75,24,783
0,77,24,782
0,79,24,784
0,81,24,786
0,83,24,789
0,85,24,791
0,87,24,793
0,89,24,794
0,91,24,796
0,93,24,128
0,95,24,45
0,97,24,34
0,99,24,31
0,101,24,28
0,103,24,48
0,105,24,49
0,107,24,35
0,109,24,33
0,111,24,32
0,113,24,32
0,115,24,32
0,117,24,31
0,119,24,31
0,121,24,31
0,123,24,31
0,125,24,31
0,127,24,32
0,129,24,31
0,131,24,31
0,133,24,31
0,135,24,31
0,137,24,31
0,139,24,31
0,141,24,31
0,143,24,31
0,145,24,31
0,147,24,31
0,149,24,31
0,1,25,39
0,3,25,36
0,5,25,710
0,7,25,41
0,9,25,37
0,11,25,146
0,13,25,50
0,15,25,50
0,17,25,31
0,19,25,31
0,21,25,31
0,23,25,31
0,25,25,35
0,27,25,41
0,29,25,92
0,31,25,645
0,33,25,638
0,35,25,65
0,37,25,44
0,39,25,34
0,41,25,32
0,43,25,32
0,45,25,32
0,47,25,32
0,49,25,32
0,51,25,32
0,53,25,32
0,55,25,32
0,57,25,32
0,59,25,32
0,61,25,32
0,63,25,38
0,65,25,70
0,67,25,175
0,69,25,600
0,71,25,735
0,73,25,761
0,75,25,773
0,77,25,779
0,79,25,783
0,81,25,787
0,83,25,789
0,85,25,792
0,87,25,794
0,89,25,795
0,91,25,796
0,93,25,183
0,95,25,51
0,97,25,35
0,99,25,32
0,101,25,32
0,103,25,32
0,105,25,31
0,107,25,31
0,109,25,31
0,111,25,32
0,113,25,32
0,115,25,32
0,117,25,31
0,119,25,32
0,121,25,32
0,123,25,44
0,125,25,49
0,127,25,47
0,129,25,33
0,131,25,32
0,133,25,32
0,135,25,32
0,137,25,31
0,139,25,31
0,141,25,31
0,143,25,31
0,145,25,31
0,147,25,31
0,149,25,41
0,1,26,38
0,3,26,36
0,5,26,718
0,7,26,46
0,9,26,38
0,11,26,60
0,13,26,31
0,15,26,31
0,17,26,31
0,19,26,30
0,21,26,31
0,23,26,31
0,25,26,32
0,27,26,45
0,29,26,51
0,31,26,98
0,33,26,350
0,35,26,742
0,37,26,718
0,39,26,85
0,41,26,44
0,43,26,34
0,45,26,32
0,47,26,32
0,49,26,32
0,51,26,32
0,53,26,32
0,55,26,32
0,57,26,32
0,59,26,32
0,61,26,31
0,63,26,32
0,65,26,45
0,67,26,98
0,69,26,399
0,71,26,736
0,73,26,756
0,75,26,761
0,77,26,762
0,79,26,764
0,81,26,766
0,83,26,767
0,85,26,770
0,87,26,792
0,89,26,773
0,91,26,738
0,93,26,754
0,95,26,361
0,97,26,62
0,99,26,40
0,101,26,32
0,103,26,31
0,105,26,32
0,107,26,31
0,109,26,31
0,111,26,31
0,113,26,31
0,115,26,31
0,117,26,32
0,119,26,31
0,121,26,32
0,123,26,32
0,125,26,32
0,127,26,32
0,129,26,32
0,131,26,31
0,133,26,31
0,135,26,31
0,137,26,31
0,139,26,32
0,141,26,32
0,143,26,28
0,145,26,48
0,147,26,49
0,149,26,50
0,1,27,38
0,3,27,38
0,5,27,698
0,7,27,72
0,9,27,38
0,11,27,47
0,13,27,32
0,15,27,32
0,17,27,31
0,19,27,30
0,21,27,30
0,23,27,31
0,25,27,31
0,27,27,31
0,29,27,32
0,31,27,40
0,33,27,77
0,35,27,269
0,37,27,556
0,39,27,736
0,41,27,160
0,43,27,69
0,45,27,37
0,47,27,32
0,49,27,45
0,51,27,49
0,53,27,59
0,55,27,34
0,57,27,32
0,59,27,32
0,61,27,32
0,63,27,32
0,65,27,44
0,67,27,94
0,69,27,376
0,71,27,719
0,73,27,744
0,75,27,751
0,77,27,755
0,79,27,759
0,81,27,762
0,83,27,765
0,85,27,767
0,87,27,769
0,89,27,771
0,91,27,773
0,93,27,775
0,95,27,777
0,97,27,105
0,99,27,50
0,101,27,34
0,103,27,32
0,105,27,32
0,107,27,40
0,109,27,49
0,111,27,49
0,113,27,34
0,115,27,32
0,117,27,32
0,119,27,32
0,121,27,32
0,123,27,32
0,125,27,32
0,127,27,31
0,129,27,32
0,131,27,32
0,133,27,31
0,135,27,32
0,137,27,32
0,139,27,32
0,141,27,31
0,143,27,31
0,145,27,31
0,147,27,31
0,149,27,31
0,1,28,38
0,3,28,38
0,5,28,720
0,7,28,40
0,9,28,118
0,11,28,39
0,13,28,50
0,15,28,50
0,17,28,33
0,19,28,31
0,21,28,30
0,23,28,31
0,25,28,31
0,27,28,32
0,29,28,31
0,31,28,32
0,33,28,33
0,35,28,46
0,37,28,71
0,39,28,187
0,41,28,591
0,43,28,743
0,45,28,131
0,47,28,55
0,49,28,37
0,51,28,32
0,53,28,32
0,55,28,32
0,57,28,32
0,59,28,32
0,61,28,32
0,63,28,35
0,65,28,51
0,67,28,111
0,69,28,430
0,71,28,741
0,73,28,745
0,75,28,716
0,77,28,736
0,79,28,751
0,81,28,762
0,83,28,767
0,85,28,772
0,87,28,775
0,89,28,778
0,91,28,781
0,93,28,783
0,95,28,786
0,97,28,188
0,99,28,59
0,101,28,36
0,103,28,32
0,105,28,31
0,107,28,32
0,109,28,31
0,111,28,31
0,113,28,31
0,115,28,31
0,117,28,32
0,119,28,32
0,121,28,32
0,123,28,31
0,125,28,32
0,127,28,35
0,129,28,48
0,131,28,49
0,133,28,35
0,135,28,32
0,137,28,32
0,139,28,31
0,141,28,32
0,143,28,31
0,145,28,31
0,147,28,33
0,149,28,50
0,1,29,37
0,3,29,38
0,5,29,723
0,7,29,48
0,9,29,459
0,11,29,40
0,13,29,32
0,15,29,32
0,17,29,31
0,19,29,31
0,21,29,31
0,23,29,31
0,25,29,31
0,27,29,31
0,29,29,32
0,31,29,32
0,33,29,48
0,35,29,50
0,37,29,36
0,39,29,35
0,41,29,48
0,43,29,89
0,45,29,455
0,47,29,722
0,49,29,741
0,51,29,95
0,53,29,41
0,55,29,32
0,57,29,32
0,59,29,32
0,61,29,32
0,63,29,33
0,65,29,43
0,67,29,101
0,69,29,427
0,71,29,718
0,73,29,739
0,75,29,747
0,77,29,753
0,79,29,759
0,81,29,766
0,83,29,770
0,85,29,774
0,87,29,777
0,89,29,780
0,91,29,807
0,93,29,793
0,95,29,768
0,97,29,753
0,99,29,103
0,101,29,43
0,103,29,32
0,105,29,31
0,107,29,32
0,109,29,32
0,111,29,32
0,113,29,32
0,115,29,31
0,117,29,31
0,119,29,32
0,121,29,32
0,123,29,32
0,125,29,32
0,127,29,32
0,129,29,32
0,131,29,32
0,133,29,32
0,135,29,31
0,137,29,32
0,139,29,32
0,141,29,31
0,143,29,31
0,145,29,31
0,147,29,29
0,149,29,47
0,1,30,38
0,3,30,38
0,5,30,719
0,7,30,94
0,9,30,257
0,11,30,40
0,13,30,48
0,15,30,32
0,17,30,31
0,19,30,31
0,21,30,31
0,23,30,31
0,25,30,31
0,27,30,32
0,29,30,32
0,31,30,31
0,33,30,32
0,35,30,32
0,37,30,32
0,39,30,31
0,41,30,32
0,43,30,32
0,45,30,45
0,47,30,66
0,49,30,206
0,51,30,550
0,53,30,777
0,55,30,145
0,57,30,70
0,59,30,36
0,61,30,33
0,63,30,33
0,65,30,47
0,67,30,99
0,69,30,422
0,71,30,744
0,73,30,769
0,75,30,777
0,77,30,782
0,79,30,789
0,81,30,797
0,83,30,803
0,85,30,809
0,87,30,813
0,89,30,817
0,91,30,822
0,93,30,827
0,95,30,830
0,97,30,518
0,99,30,73
0,101,30,39
0,103,30,32
0,105,30,31
0,107,30,31
0,109,30,32
0,111,30,40
0,113,30,49
0,115,30,49
0,117,30,35
0,119,30,32
0,121,30,32
0,123,30,32
0,125,30,31
0,127,30,32
0,129,30,32
0,131,30,32
0,133,30,31
0,135,30,31
0,137,30,31
0,139,30,32
0,141,30,31
0,143,30,32
0,145,30,31
0,147,30,31
0,149,30,31
0,1,31,38
0,3,31,40
0,5,31,751
0,7,31,55
0,9,31,38
0,11,31,31
0,13,31,32
0,15,31,45
0,17,31,49
0,19,31,61
0,21,31,31
0,23,31,31
0,25,31,31
0,27,31,32
0,29,31,32
0,31,31,32
0,33,31,32
0,35,31,32
0,37,31,32
0,39,31,32
0,41,31,32
0,43,31,32
0,45,31,32
0,47,31,32
0,49,31,32
0,51,31,37
0,53,31,70
0,55,31,284
0,57,31,657
0,59,31,762
0,61,31,337
0,63,31,51
0,65,31,46
0,67,31,69
0,69,31,234
0,71,31,647
0,73,31,761
0,75,31,797
0,77,31,785
0,79,31,754
0,81,31,770
0,83,31,786
0,85,31,801
0,87,31,805
0,89,31,814
0,91,31,819
0,93,31,826
0,95,31,830
0,97,31,819
0,99,31,110
0,101,31,45
0,103,31,32
0,105,31,32
0,107,31,32
0,109,31,32
0,111,31,31
0,113,31,32
0,115,31,31
0,117,31,32
0,119,31,32
0,121,31,31
0,123,31,32
0,125,31,32
0,127,31,32
0,129,31,32
0,131,31,28
0,133,31,47
0,135,31,49
0,137,31,35
0,139,31,33
0,141,31,32
0,143,31,31
0,145,31,32
0,147,31,50
0,149,31,50
0,1,32,37
0,3,32,37
0,5,32,746
0,7,32,766
0,9,32,37
0,11,32,40
0,13,32,32
0,15,32,31
0,17,32,31
0,19,32,31
0,21,32,31
0,23,32,31
0,25,32,32
0,27,32,32
0,29,32,32
0,31,32,32
0,33,32,32
0,35,32,32
0,37,32,46
0,39,32,49
0,41,32,43
0,43,32,37
0,45,32,32
0,47,32,32
0,49,32,32
0,51,32,32
0,53,32,32
0,55,32,32
0,57,32,35
0,59,32,57
0,61,32,160
0,63,32,636
0,65,32,769
0,67,32,781
0,69,32,785
0,71,32,786
0,73,32,788
0,75,32,792
0,77,32,796
0,79,32,802
0,81,32,808
0,83,32,812
0,85,32,816
0,87,32,819
0,89,32,822
0,91,32,825
0,93,32,829
0,95,32,857
0,97,32,725
0,99,32,103
0,101,32,43
0,103,32,33
0,105,32,32
0,107,32,32
0,109,32,32
0,111,32,32
0,113,32,32
0,115,32,31
0,117,32,32
0,119,32,32
0,121,32,32
0,123,32,32
0,125,32,32
0,127,32,31
0,129,32,32
0,131,32,31
0,133,32,32
0,135,32,32
0,137,32,32
0,139,32,31
0,141,32,32
0,143,32,32
0,145,32,31
0,147,32,30
0,149,32,31
0,1,33,38
0,3,33,38
0,5,33,716
0,7,33,285
0,9,33,38
0,11,33,40
0,13,33,48
0,15,33,34
0,17,33,31
0,19,33,31
0,21,33,31
0,23,33,31
0,25,33,32
0,27,33,32
0,29,33,31
0,31,33,32
0,33,33,32
0,35,33,32
0,37,33,32
0,39,33,32
0,41,33,32
0,43,33,32
0,45,33,32
0,47,33,32
0,49,33,32
0,51,33,32
0,53,33,32
0,55,33,32
0,57,33,28
0,59,33,47
0,61,33,49
0,63,33,44
0,65,33,69
0,67,33,175
0,69,33,568
0,71,33,760
0,73,33,780
0,75,33,788
0,77,33,793
0,79,33,798
0,81,33,803
0,83,33,806
0,85,33,811
0,87,33,813
0,89,33,816
0,91,33,819
0,93,33,823
0,95,33,722
0,97,33,67
0,99,33,43
0,101,33,33
0,103,33,32
0,105,33,32
0,107,33,32
0,109,33,31
0,111,33,32
0,113,33,32
0,115,33,28
0,117,33,48
0,119,33,49
0,121,33,36
0,123,33,33
0,125,33,32
0,127,33,32
0,129,33,32
0,131,33,32
0,133,33,32
0,135,33,32
0,137,33,32
0,139,33,32
0,141,33,32
0,143,33,32
0,145,33,31
0,147,33,31
0,149,33,31
0,1,34,38
0,3,34,38
0,5,34,723
0,7,34,38
0,9,34,38
0,11,34,32
0,13,34,32
0,15,34,32
0,17,34,31
0,19,34,32
0,21,34,31
0,23,34,49
0,25,34,35
0,27,34,32
0,29,34,32
0,31,34,32
0,33,34,32
0,35,34,32
0,37,34,32
0,39,34,32
0,41,34,32
0,43,34,32
0,45,34,32
0,47,34,32
0,49,34,32
0,51,34,32
0,53,34,32
0,55,34,32
0,57,34,32
0,59,34,32
0,61,34,32
0,63,34,32
0,65,34,38
0,67,34,61
0,69,34,225
0,71,34,718
0,73,34,783
0,75,34,791
0,77,34,796
0,79,34,824
0,81,34,821
0,83,34,805
0,85,34,780
0,87,34,792
0,89,34,809
0,91,34,816
0,93,34,780
0,95,34,74
0,97,34,41
0,99,34,33
0,101,34,32
0,103,34,32
0,105,34,32
0,107,34,32
0,109,34,32
0,111,34,32
0,113,34,32
0,115,34,32
0,117,34,32
0,119,34,32
0,121,34,32
0,123,34,32
0,125,34,32
0,127,34,32
0,129,34,32
0,131,34,32
0,133,34,31
0,135,34,32
0,137,34,42
0,139,34,49
0,141,34,51
0,143,34,34
0,145,34,55
0,147,34,50
0,149,34,50
0,1,35,38
0,3,35,37
0,5,35,641
0,7,35,80
0,9,35,39
0,11,35,40
0,13,35,32
0,15,35,32
0,17,35,32
0,19,35,31
0,21,35,31
0,23,35,31
0,25,35,32
0,27,35,32
0,29,35,32
0,31,35,32
0,33,35,32
0,35,35,32
0,37,35,32
0,39,35,32
0,41,35,32
0,43,35,49
0,45,35,49
0,47,35,36
0,49,35,33
0,51,35,32
0,53,35,32
0,55,35,32
0,57,35,32
0,59,35,32
0,61,35,32
0,63,35,35
0,65,35,57
0,67,35,128
0,69,35,542
0,71,35,768
0,73,35,785
0,75,35,792
0,77,35,796
0,79,35,801
0,81,35,806
0,83,35,809
0,85,35,812
0,87,35,814
0,89,35,816
0,91,35,798
0,93,35,61
0,95,35,38
0,97,35,33
0,99,35,32
0,101,35,42
0,103,35,49
0,105,35,55
0,107,35,34
0,109,35,32
0,111,35,32
0,113,35,32
0,115,35,32
0,117,35,32
0,119,35,32
0,121,35,32
0,123,35,32
0,125,35,32
0,127,35,32
0,129,35,32
0,131,35,32
0,133,35,32
0,135,35,32
0,137,35,32
0,139,35,32
0,141,35,32
0,143,35,32
0,145,35,31
0,147,35,31
0,149,35,31
0,1,36,37
0,3,36,33
0,5,36,687
0,7,36,73
0,9,36,39
0,11,36,41
0,13,36,51
0,15,36,51
0,17,36,32
0,19,36,31
0,21,36,31
0,23,36,32
0,25,36,32
0,27,36,32
0,29,36,32
0,31,36,32
0,33,36,32
0,35,36,32
0,37,36,32
0,39,36,32
0,41,36,32
0,43,36,32
0,45,36,32
0,47,36,32
0,49,36,32
0,51,36,32
0,53,36,32
0,55,36,32
0,57,36,32
0,59,36,33
0,61,36,38
0,63,36,61
0,65,36,226
0,67,36,660
0,69,36,735
0,71,36,760
0,73,36,778
0,75,36,789
0,77,36,796
0,79,36,801
0,81,36,806
0,83,36,809
0,85,36,812
0,87,36,812
0,89,36,812
0,91,36,163
0,93,36,42
0,95,36,33
0,97,36,32
0,99,36,32
0,101,36,32
0,103,36,32
0,105,36,32
0,107,36,32
0,109,36,32
0,111,36,32
0,113,36,32
0,115,36,32
0,117,36,32
0,119,36,32
0,121,36,32
0,123,36,47
0,125,36,50
0,127,36,37
0,129,36,34
0,131,36,32
0,133,36,32
0,135,36,32
0,137,36,31
0,139,36,32
0,141,36,32
0,143,36,32
0,145,36,32
0,147,36,32
0,149,36,36
0,1,37,37
0,3,37,37
0,5,37,720
0,7,37,754
0,9,37,39
0,11,37,39
0,13,37,32
0,15,37,32
0,17,37,31
0,19,37,31
0,21,37,31
0,23,37,32
0,25,37,32
0,27,37,32
0,29,37,49
0,31,37,32
0,33,37,33
0,35,37,33
0,37,37,32
0,39,37,32
0,41,37,32
0,43,37,32
0,45,37,32
0,47,37,32
0,49,37,32
0,51,37,32
0,53,37,32
0,55,37,32
0,57,37,34
0,59,37,46
0,61,37,134
0,63,37,487
0,65,37,741
0,67,37,759
0,69,37,766
0,71,37,772
0,73,37,778
0,75,37,781
0,77,37,783
0,79,37,783
0,81,37,783
0,83,37,782
0,85,37,804
0,87,37,796
0,89,37,783
0,91,37,765
0,93,37,780
0,95,37,170
0,97,37,55
0,99,37,38
0,101,37,32
0,103,37,32
0,105,37,32
0,107,37,32
0,109,37,32
0,111,37,32
0,113,37,32
0,115,37,32
0,117,37,32
0,119,37,32
0,121,37,32
0,123,37,32
0,125,37,32
0,127,37,32
0,129,37,32
0,131,37,32
0,133,37,32
0,135,37,32
0,137,37,31
0,139,37,32
0,141,37,32
0,143,37,44
0,145,37,50
0,147,37,50
0,149,37,50
0,1,38,38
0,3,38,39
0,5,38,53
0,7,38,718
0,9,38,38
0,11,38,42
0,13,38,32
0,15,38,32
0,17,38,32
0,19,38,32
0,21,38,32
0,23,38,32
0,25,38,32
0,27,38,32
0,29,38,32
0,31,38,32
0,33,38,32
0,35,38,32
0,37,38,32
0,39,38,32
0,41,38,32
0,43,38,32
0,45,38,32
0,47,38,32
0,49,38,48
0,51,38,50
0,53,38,38
0,55,38,47
0,57,38,79
0,59,38,319
0,61,38,648
0,63,38,745
0,65,38,754
0,67,38,758
0,69,38,759
0,71,38,758
0,73,38,756
0,75,38,754
0,77,38,753
0,79,38,754
0,81,38,748
0,83,38,137
0,85,38,47
0,87,38,36
0,89,38,33
0,91,38,45
0,93,38,143
0,95,38,628
0,97,38,783
0,99,38,790
0,101,38,103
0,103,38,40
0,105,38,28
0,107,38,32
0,109,38,50
0,111,38,36
0,113,38,33
0,115,38,32
0,117,38,32
0,119,38,32
0,121,38,32
0,123,38,32
0,125,38,32
0,127,38,32
0,129,38,32
0,131,38,32
0,133,38,31
0,135,38,32
0,137,38,32
0,139,38,32
0,141,38,32
0,143,38,32
0,145,38,31
0,147,38,31
0,149,38,31
0,1,39,38
0,3,39,358
0,5,39,48
0,7,39,705
0,9,39,35
0,11,39,39
0,13,39,51
0,15,39,51
0,17,39,33
0,19,39,32
0,21,39,31
0,23,39,32
0,25,39,32
0,27,39,32
0,29,39,32
0,31,39,32
0,33,39,32
0,35,39,32
0,37,39,32
0,39,39,32
0,41,39,32
0,43,39,32
0,45,39,32
0,47,39,32
0,49,39,32
0,51,39,38
0,53,39,67
0,55,39,235
0,57,39,604
0,59,39,733
0,61,39,743
0,63,39,749
0,65,39,753
0,67,39,756
0,69,39,779
0,71,39,760
0,73,39,724
0,75,39,730
0,77,39,743
0,79,39,177
0,81,39,51
0,83,39,38
0,85,39,32
0,87,39,32
0,89,39,32
0,91,39,32
0,93,39,37
0,95,39,66
0,97,39,172
0,99,39,548
0,101,39,793
0,103,39,314
0,105,39,53
0,107,39,37
0,109,39,33
0,111,39,32
0,113,39,32
0,115,39,32
0,117,39,32
0,119,39,32
0,121,39,32
0,123,39,32
0,125,39,31
0,127,39,44
0,129,39,50
0,131,39,45
0,133,39,33
0,135,39,32
0,137,39,32
0,139,39,32
0,141,39,32
0,143,39,32
0,145,39,32
0,147,39,33
0,149,39,50
0,1,40,38
0,3,40,476
0,5,40,38
0,7,40,692
0,9,40,42
0,11,40,41
0,13,40,32
0,15,40,32
0,17,40,32
0,19,40,32
0,21,40,31
0,23,40,32
0,25,40,32
0,27,40,32
0,29,40,32
0,31,40,32
0,33,40,49
0,35,40,59
0,37,40,34
0,39,40,33
0,41,40,32
0,43,40,32
0,45,40,32
0,47,40,34
0,49,40,45
0,51,40,80
0,53,40,353
0,55,40,689
0,57,40,728
0,59,40,735
0,61,40,739
0,63,40,745
0,65,40,752
0,67,40,757
0,69,40,760
0,71,40,761
0,73,40,761
0,75,40,525
0,77,40,79
0,79,40,42
0,81,40,33
0,83,40,32
0,85,40,32
0,87,40,32
0,89,40,28
0,91,40,48
0,93,40,50
0,95,40,39
0,97,40,45
0,99,40,81
0,101,40,284
0,103,40,764
0,105,40,768
0,107,40,114
0,109,40,51
0,111,40,34
0,113,40,32
0,115,40,32
0,117,40,32
0,119,40,32
0,121,40,32
0,123,40,32
0,125,40,32
0,127,40,32
0,129,40,32
0,131,40,32
0,133,40,32
0,135,40,32
0,137,40,32
0,139,40,32
0,141,40,32
0,143,40,32
0,145,40,31
0,147,40,40
0,149,40,49
0,1,41,38
0,3,41,457
0,5,41,38
0,7,41,633
0,9,41,182
0,11,41,39
0,13,41,42
0,15,41,32
0,17,41,31
0,19,41,30
0,21,41,30
0,23,41,31
0,25,41,31
0,27,41,31
0,29,41,31
0,31,41,31
0,33,41,31
0,35,41,31
0,37,41,31
0,39,41,31
0,41,41,31
0,43,41,31
0,45,41,37
0,47,41,56
0,49,41,120
0,51,41,458
0,53,41,730
0,55,41,738
0,57,41,704
0,59,41,724
0,61,41,740
0,63,41,752
0,65,41,760
0,67,41,766
0,69,41,768
0,71,41,768
0,73,41,174
0,75,41,52
0,77,41,37
0,79,41,31
0,81,41,32
0,83,41,31
0,85,41,31
0,87,41,31
0,89,41,31
0,91,41,31
0,93,41,31
0,95,41,31
0,97,41,33
0,99,41,44
0,101,41,98
0,103,41,455
0,105,41,787
0,107,41,797
0,109,41,124
0,111,41,56
0,113,41,50
0,115,41,59
0,117,41,33
0,119,41,32
0,121,41,32
0,123,41,31
0,125,41,31
0,127,41,31
0,129,41,31
0,131,41,31
0,133,41,31
0,135,41,31
0,137,41,31
0,139,41,31
0,141,41,31
0,143,41,31
0,145,41,31
0,147,41,30
0,149,41,30