0,1,0,33
0,6,0,33
0,11,0,64
0,16,0,711
0,21,0,115
0,26,0,34
0,31,0,33
0,36,0,47
0,41,0,33
0,46,0,40
0,51,0,46
0,56,0,496
0,61,0,750
0,66,0,633
0,71,0,103
0,76,0,46
0,81,0,34
0,86,0,33
0,91,0,34
0,96,0,146
0,101,0,736
0,106,0,43
0,111,0,33
0,116,0,33
0,121,0,33
0,126,0,77
0,131,0,692
0,136,0,76
0,141,0,33
0,146,0,32
0,1,1,146
0,6,1,291
0,11,1,39
0,16,1,47
0,21,1,34
0,26,1,33
0,31,1,34
0,36,1,33
0,41,1,33
0,46,1,44
0,51,1,36
0,56,1,94
0,61,1,731
0,66,1,755
0,71,1,392
0,76,1,76
0,81,1,40
0,86,1,34
0,91,1,34
0,96,1,50
0,101,1,481
0,106,1,129
0,111,1,35
0,116,1,34
0,121,1,48
0,126,1,632
0,131,1,536
0,136,1,35
0,141,1,42
0,146,1,32
0,1,2,341
0,6,2,571
0,11,2,39
0,16,2,33
0,21,2,33
0,26,2,34
0,31,2,34
0,36,2,33
0,41,2,34
0,46,2,34
0,51,2,34
0,56,2,52
0,61,2,366
0,66,2,774
0,71,2,782
0,76,2,146
0,81,2,58
0,86,2,35
0,91,2,34
0,96,2,36
0,101,2,149
0,106,2,745
0,111,2,49
0,116,2,49
0,121,2,575
0,126,2,596
0,131,2,37
0,136,2,33
0,141,2,43
0,146,2,33
0,1,3,681
0,6,3,653
0,11,3,39
0,16,3,34
0,21,3,33
0,26,3,33
0,31,3,34
0,36,3,34
0,41,3,34
0,46,3,34
0,51,3,34
0,56,3,39
0,61,3,89
0,66,3,743
0,71,3,775
0,76,3,656
0,81,3,88
0,86,3,47
0,91,3,34
0,96,3,34
0,101,3,81
0,106,3,721
0,111,3,715
0,116,3,713
0,121,3,175
0,126,3,34
0,131,3,33
0,136,3,34
0,141,3,33
0,146,3,32
0,1,4,611
0,6,4,675
0,11,4,38
0,16,4,33
0,21,4,33
0,26,4,33
0,31,4,33
0,36,4,34
0,41,4,34
0,46,4,33
0,51,4,33
0,56,4,36
0,61,4,49
0,66,4,473
0,71,4,747
0,76,4,746
0,81,4,176
0,86,4,68
0,91,4,34
0,96,4,47
0,101,4,71
0,106,4,668
0,111,4,719
0,116,4,56
0,121,4,33
0,126,4,34
0,131,4,33
0,136,4,34
0,141,4,33
0,146,4,33
0,1,5,274
0,6,5,711
0,11,5,37
0,16,5,33
0,21,5,33
0,26,5,33
0,31,5,35
0,36,5,33
0,41,5,34
0,46,5,34
0,51,5,34
0,56,5,34
0,61,5,40
0,66,5,165
0,71,5,615
0,76,5,774
0,81,5,768
0,86,5,79
0,91,5,39
0,96,5,64
0,101,5,656
0,106,5,769
0,111,5,68
0,116,5,35
0,121,5,34
0,126,5,34
0,131,5,33
0,136,5,34
0,141,5,34
0,146,5,34
0,1,6,100
0,6,6,614
0,11,6,38
0,16,6,33
0,21,6,33
0,26,6,33
0,31,6,33
0,36,6,33
0,41,6,33
0,46,6,34
0,51,6,34
0,56,6,34
0,61,6,36
0,66,6,68
0,71,6,421
0,76,6,752
0,81,6,751
0,86,6,754
0,91,6,741
0,96,6,753
0,101,6,714
0,106,6,692
0,111,6,49
0,116,6,48
0,121,6,33
0,126,6,36
0,131,6,33
0,136,6,34
0,141,6,34
0,146,6,48
0,1,7,51
0,6,7,469
0,11,7,39
0,16,7,33
0,21,7,33
0,26,7,34
0,31,7,34
0,36,7,34
0,41,7,34
0,46,7,34
0,51,7,42
0,56,7,34
0,61,7,34
0,66,7,46
0,71,7,133
0,76,7,575
0,81,7,761
0,86,7,777
0,91,7,190
0,96,7,55
0,101,7,562
0,106,7,97
0,111,7,36
0,116,7,34
0,121,7,34
0,126,7,47
0,131,7,34
0,136,7,39
0,141,7,34
0,146,7,48
0,1,8,38
0,6,8,518
0,11,8,39
0,16,8,33
0,21,8,33
0,26,8,33
0,31,8,34
0,36,8,34
0,41,8,33
0,46,8,34
0,51,8,40
0,56,8,34
0,61,8,34
0,66,8,39
0,71,8,85
0,76,8,748
0,81,8,770
0,86,8,783
0,91,8,779
0,96,8,748
0,101,8,655
0,106,8,44
0,111,8,33
0,116,8,33
0,121,8,34
0,126,8,33
0,131,8,34
0,136,8,43
0,141,8,33
0,146,8,48
0,1,9,38
0,6,9,292
0,11,9,39
0,16,9,34
0,21,9,33
0,26,9,33
0,31,9,33
0,36,9,34
0,41,9,34
0,46,9,34
0,51,9,34
0,56,9,34
0,61,9,42
0,66,9,639
0,71,9,561
0,76,9,306
0,81,9,638
0,86,9,761
0,91,9,756
0,96,9,760
0,101,9,70
0,106,9,33
0,111,9,33
0,116,9,34
0,121,9,33
0,126,9,33
0,131,9,34
0,136,9,34
0,141,9,34
0,146,9,36
0,1,10,39
0,6,10,66
0,11,10,38
0,16,10,219
0,21,10,85
0,26,10,35
0,31,10,33
0,36,10,33
0,41,10,33
0,46,10,34
0,51,10,35
0,56,10,346
0,61,10,632
0,66,10,37
0,71,10,42
0,76,10,100
0,81,10,574
0,86,10,753
0,91,10,739
0,96,10,771
0,101,10,43
0,106,10,34
0,111,10,34
0,116,10,34
0,121,10,34
0,126,10,34
0,131,10,33
0,136,10,34
0,141,10,33
0,146,10,32
0,1,11,39
0,6,11,50
0,11,11,39
0,16,11,271
0,21,11,505
0,26,11,733
0,31,11,35
0,36,11,34
0,41,11,34
0,46,11,142
0,51,11,699
0,56,11,46
0,61,11,33
0,66,11,34
0,71,11,36
0,76,11,61
0,81,11,483
0,86,11,752
0,91,11,735
0,96,11,776
0,101,11,71
0,106,11,34
0,111,11,33
0,116,11,33
0,121,11,34
0,126,11,33
0,131,11,33
0,136,11,33
0,141,11,34
0,146,11,33
0,1,12,39
0,6,12,44
0,11,12,516
0,16,12,48
0,21,12,32
0,26,12,53
0,31,12,700
0,36,12,504
0,41,12,720
0,46,12,97
0,51,12,33
0,56,12,34
0,61,12,33
0,66,12,33
0,71,12,35
0,76,12,53
0,81,12,501
0,86,12,748
0,91,12,728
0,96,12,768
0,101,12,83
0,106,12,33
0,111,12,33
0,116,12,33
0,121,12,34
0,126,12,33
0,131,12,33
0,136,12,34
0,141,12,33
0,146,12,32
0,1,13,39
0,6,13,122
0,11,13,114
0,16,13,48
0,21,13,33
0,26,13,38
0,31,13,407
0,36,13,735
0,41,13,209
0,46,13,34
0,51,13,33
0,56,13,34
0,61,13,33
0,66,13,33
0,71,13,39
0,76,13,298
0,81,13,768
0,86,13,763
0,91,13,737
0,96,13,769
0,101,13,147
0,106,13,34
0,111,13,33
0,116,13,33
0,121,13,33
0,126,13,33
0,131,13,33
0,136,13,34
0,141,13,33
0,146,13,33
0,1,14,39
0,6,14,490
0,11,14,449
0,16,14,65
0,21,14,163
0,26,14,707
0,31,14,57
0,36,14,39
0,41,14,268
0,46,14,700
0,51,14,46
0,56,14,33
0,61,14,33
0,66,14,52
0,71,14,603
0,76,14,565
0,81,14,767
0,86,14,752
0,91,14,726
0,96,14,762
0,101,14,55
0,106,14,33
0,111,14,33
0,116,14,33
0,121,14,33
0,126,14,33
0,131,14,33
0,136,14,33
0,141,14,33
0,146,14,32
0,1,15,39
0,6,15,92
0,11,15,38
0,16,15,656
0,21,15,269
0,26,15,36
0,31,15,33
0,36,15,33
0,41,15,33
0,46,15,57
0,51,15,668
0,56,15,163
0,61,15,55
0,66,15,420
0,71,15,41
0,76,15,195
0,81,15,775
0,86,15,760
0,91,15,761
0,96,15,728
0,101,15,40
0,106,15,33
0,111,15,33
0,116,15,33
0,121,15,33
0,126,15,32
0,131,15,33
0,136,15,33
0,141,15,33
0,146,15,32
0,1,16,38
0,6,16,550
0,11,16,38
0,16,16,50
0,21,16,32
0,26,16,33
0,31,16,33
0,36,16,34
0,41,16,33
0,46,16,33
0,51,16,33
0,56,16,179
0,61,16,742
0,66,16,45
0,71,16,58
0,76,16,678
0,81,16,781
0,86,16,771
0,91,16,781
0,96,16,69
0,101,16,35
0,106,16,33
0,111,16,33
0,116,16,33
0,121,16,33
0,126,16,33
0,131,16,33
0,136,16,33
0,141,16,33
0,146,16,32
0,1,17,38
0,6,17,723
0,11,17,38
0,16,17,48
0,21,17,32
0,26,17,33
0,31,17,33
0,36,17,33
0,41,17,33
0,46,17,34
0,51,17,100
0,56,17,173
0,61,17,37
0,66,17,470
0,71,17,749
0,76,17,763
0,81,17,773
0,86,17,780
0,91,17,788
0,96,17,38
0,101,17,35
0,106,17,33
0,111,17,34
0,116,17,33
0,121,17,33
0,126,17,33
0,131,17,32
0,136,17,33
0,141,17,33
0,146,17,32
0,1,18,38
0,6,18,711
0,11,18,41
0,16,18,48
0,21,18,32
0,26,18,33
0,31,18,33
0,36,18,34
0,41,18,34
0,46,18,149
0,51,18,146
0,56,18,34
0,61,18,33
0,66,18,59
0,71,18,595
0,76,18,760
0,81,18,774
0,86,18,779
0,91,18,82
0,96,18,33
0,101,18,38
0,106,18,33
0,111,18,33
0,116,18,33
0,121,18,33
0,126,18,33
0,131,18,33
0,136,18,32
0,141,18,32
0,146,18,32
0,1,19,38
0,6,19,718
0,11,19,443
0,16,19,47
0,21,19,32
0,26,19,32
0,31,19,33
0,36,19,35
0,41,19,242
0,46,19,115
0,51,19,34
0,56,19,33
0,61,19,39
0,66,19,249
0,71,19,739
0,76,19,772
0,81,19,781
0,86,19,775
0,91,19,159
0,96,19,33
0,101,19,39
0,106,19,33
0,111,19,33
0,116,19,33
0,121,19,32
0,126,19,33
0,131,19,33
0,136,19,33
0,141,19,33
0,146,19,32
0,1,20,38
0,6,20,636
0,11,20,101
0,16,20,47
0,21,20,32
0,26,20,33
0,31,20,34
0,36,20,257
0,41,20,241
0,46,20,35
0,51,20,33
0,56,20,35
0,61,20,94
0,66,20,587
0,71,20,738
0,76,20,744
0,81,20,722
0,86,20,40
0,91,20,147
0,96,20,730
0,101,20,57
0,106,20,33
0,111,20,33
0,116,20,33
0,121,20,33
0,126,20,33
0,131,20,33
0,136,20,33
0,141,20,33
0,146,20,32
0,1,21,39
0,6,21,448
0,11,21,40
0,16,21,47
0,21,21,32
0,26,21,33
0,31,21,150
0,36,21,667
0,41,21,37
0,46,21,33
0,51,21,33
0,56,21,51
0,61,21,343
0,66,21,674
0,71,21,729
0,76,21,730
0,81,21,43
0,86,21,33
0,91,21,41
0,96,21,59
0,101,21,664
0,106,21,139
0,111,21,35
0,116,21,33
0,121,21,33
0,126,21,33
0,131,21,33
0,136,21,33
0,141,21,33
0,146,21,32
0,1,22,470
0,6,22,136
0,11,22,38
0,16,22,46
0,21,22,33
0,26,22,48
0,31,22,700
0,36,22,49
0,41,22,33
0,46,22,33
0,51,22,38
0,56,22,129
0,61,22,571
0,66,22,712
0,71,22,720
0,76,22,60
0,81,22,33
0,86,22,33
0,91,22,36
0,96,22,33
0,101,22,51
0,106,22,292
0,111,22,710
0,116,22,43
0,121,22,33
0,126,22,33
0,131,22,33
0,136,22,33
0,141,22,33
0,146,22,32
0,1,23,139
0,6,23,50
0,11,23,38
0,16,23,44
0,21,23,40
0,26,23,228
0,31,23,390
0,36,23,35
0,41,23,33
0,46,23,33
0,51,23,50
0,56,23,323
0,61,23,676
0,66,23,718
0,71,23,322
0,76,23,36
0,81,23,33
0,86,23,33
0,91,23,32
0,96,23,33
0,101,23,33
0,106,23,33
0,111,23,97
0,116,23,753
0,121,23,65
0,126,23,33
0,131,23,33
0,136,23,33
0,141,23,33
0,146,23,32
0,1,24,38
0,6,24,91
0,11,24,39
0,16,24,48
0,21,24,78
0,26,24,651
0,31,24,60
0,36,24,35
0,41,24,33
0,46,24,35
0,51,24,111
0,56,24,567
0,61,24,714
0,66,24,729
0,71,24,75
0,76,24,34
0,81,24,33
0,86,24,33
0,91,24,33
0,96,24,33
0,101,24,47
0,106,24,33
0,111,24,33
0,116,24,106
0,121,24,737
0,126,24,58
0,131,24,33
0,136,24,33
0,141,24,33
0,146,24,32
0,1,25,38
0,6,25,53
0,11,25,38
0,16,25,56
0,21,25,157
0,26,25,705
0,31,25,46
0,36,25,36
0,41,25,34
0,46,25,45
0,51,25,213
0,56,25,677
0,61,25,739
0,66,25,743
0,71,25,45
0,76,25,33
0,81,25,33
0,86,25,33
0,91,25,33
0,96,25,33
0,101,25,45
0,106,25,33
0,111,25,43
0,116,25,33
0,121,25,118
0,126,25,756
0,131,25,57
0,136,25,33
0,141,25,33
0,146,25,32
0,1,26,38
0,6,26,42
0,11,26,39
0,16,26,717
0,21,26,729
0,26,26,723
0,31,26,41
0,36,26,33
0,41,26,34
0,46,26,57
0,51,26,511
0,56,26,726
0,61,26,750
0,66,26,199
0,71,26,36
0,76,26,33
0,81,26,33
0,86,26,33
0,91,26,33
0,96,26,33
0,101,26,42
0,106,26,33
0,111,26,53
0,116,26,33
0,121,26,40
0,126,26,591
0,131,26,758
0,136,26,36
0,141,26,33
0,146,26,32
0,1,27,38
0,6,27,40
0,11,27,39
0,16,27,480
0,21,27,659
0,26,27,722
0,31,27,49
0,36,27,41
0,41,27,36
0,46,27,103
0,51,27,669
0,56,27,736
0,61,27,750
0,66,27,81
0,71,27,34
0,76,27,33
0,81,27,32
0,86,27,33
0,91,27,33
0,96,27,33
0,101,27,35
0,106,27,33
0,111,27,48
0,116,27,33
0,121,27,35
0,126,27,142
0,131,27,732
0,136,27,50
0,141,27,33
0,146,27,32
0,1,28,38
0,6,28,38
0,11,28,41
0,16,28,44
0,21,28,74
0,26,28,514
0,31,28,722
0,36,28,63
0,41,28,38
0,46,28,255
0,51,28,728
0,56,28,755
0,61,28,583
0,66,28,51
0,71,28,33
0,76,28,33
0,81,28,33
0,86,28,33
0,91,28,33
0,96,28,33
0,101,28,33
0,106,28,33
0,111,28,48
0,116,28,33
0,121,28,36
0,126,28,82
0,131,28,754
0,136,28,59
0,141,28,33
0,146,28,32
0,1,29,38
0,6,29,38
0,11,29,712
0,16,29,33
0,21,29,37
0,26,29,88
0,31,29,699
0,36,29,704
0,41,29,727
0,46,29,707
0,51,29,742
0,56,29,755
0,61,29,191
0,66,29,40
0,71,29,33
0,76,29,33
0,81,29,33
0,86,29,33
0,91,29,33
0,96,29,33
0,101,29,33
0,106,29,33
0,111,29,48
0,116,29,33
0,121,29,38
0,126,29,86
0,131,29,708
0,136,29,64
0,141,29,33
0,146,29,32
0,1,30,38
0,6,30,38
0,11,30,66
0,16,30,33
0,21,30,33
0,26,30,40
0,31,30,639
0,36,30,99
0,41,30,177
0,46,30,700
0,51,30,736
0,56,30,722
0,61,30,97
0,66,30,36
0,71,30,33
0,76,30,33
0,81,30,33
0,86,30,33
0,91,30,33
0,96,30,33
0,101,30,33
0,106,30,33
0,111,30,46
0,116,30,33
0,121,30,43
0,126,30,298
0,131,30,718
0,136,30,40
0,141,30,33
0,146,30,32
0,1,31,39
0,6,31,38
0,11,31,709
0,16,31,33
0,21,31,33
0,26,31,33
0,31,31,178
0,36,31,739
0,41,31,729
0,46,31,694
0,51,31,726
0,56,31,723
0,61,31,129
0,66,31,34
0,71,31,33
0,76,31,33
0,81,31,33
0,86,31,33
0,91,31,33
0,96,31,33
0,101,31,33
0,106,31,33
0,111,31,44
0,116,31,33
0,121,31,113
0,126,31,712
0,131,31,54
0,136,31,33
0,141,31,33
0,146,31,32
0,1,32,38
0,6,32,69
0,11,32,693
0,16,32,33
0,21,32,33
0,26,32,34
0,31,32,37
0,36,32,413
0,41,32,719
0,46,32,684
0,51,32,711
0,56,32,209
0,61,32,80
0,66,32,694
0,71,32,66
0,76,32,34
0,81,32,34
0,86,32,34
0,91,32,33
0,96,32,33
0,101,32,33
0,106,32,33
0,111,32,42
0,116,32,105
0,121,32,696
0,126,32,59
0,131,32,34
0,136,32,33
0,141,32,33
0,146,32,32
0,1,33,39
0,6,33,545
0,11,33,693
0,16,33,33
0,21,33,33
0,26,33,33
0,31,33,42
0,36,33,595
0,41,33,721
0,46,33,686
0,51,33,708
0,56,33,113
0,61,33,36
0,66,33,57
0,71,33,674
0,76,33,128
0,81,33,34
0,86,33,33
0,91,33,33
0,96,33,34
0,101,33,33
0,106,33,33
0,111,33,58
0,116,33,674
0,121,33,434
0,126,33,35
0,131,33,34
0,136,33,34
0,141,33,33
0,146,33,32
0,1,34,48
0,6,34,46
0,11,34,693
0,16,34,33
0,21,34,33
0,26,34,34
0,31,34,46
0,36,34,680
0,41,34,725
0,46,34,700
0,51,34,711
0,56,34,87
0,61,34,35
0,66,34,33
0,71,34,42
0,76,34,411
0,81,34,682
0,86,34,42
0,91,34,33
0,96,34,34
0,101,34,34
0,106,34,41
0,111,34,535
0,116,34,699
0,121,34,57
0,126,34,33
0,131,34,35
0,136,34,34
0,141,34,33
0,146,34,33
0,1,35,253
0,6,35,39
0,11,35,703
0,16,35,33
0,21,35,33
0,26,35,34
0,31,35,43
0,36,35,657
0,41,35,731
0,46,35,735
0,51,35,729
0,56,35,112
0,61,35,35
0,66,35,34
0,71,35,33
0,76,35,34
0,81,35,118
0,86,35,685
0,91,35,53
0,96,35,33
0,101,35,35
0,106,35,194
0,111,35,699
0,116,35,51
0,121,35,49
0,126,35,34
0,131,35,36
0,136,35,34
0,141,35,33
0,146,35,33
0,1,36,451
0,6,36,39
0,11,36,702
0,16,36,33
0,21,36,34
0,26,36,33
0,31,36,44
0,36,36,659
0,41,36,736
0,46,36,741
0,51,36,739
0,56,36,106
0,61,36,35
0,66,36,33
0,71,36,34
0,76,36,34
0,81,36,33
0,86,36,56
0,91,36,650
0,96,36,96
0,101,36,139
0,106,36,688
0,111,36,63
0,116,36,33
0,121,36,49
0,126,36,33
0,131,36,37
0,136,36,33
0,141,36,34
0,146,36,32
0,1,37,60
0,6,37,38
0,11,37,719
0,16,37,33
0,21,37,33
0,26,37,34
0,31,37,46
0,36,37,687
0,41,37,744
0,46,37,735
0,51,37,731
0,56,37,489
0,61,37,37
0,66,37,34
0,71,37,34
0,76,37,34
0,81,37,34
0,86,37,34
0,91,37,48
0,96,37,685
0,101,37,716
0,106,37,54
0,111,37,34
0,116,37,34
0,121,37,48
0,126,37,33
0,131,37,39
0,136,37,34
0,141,37,34
0,146,37,33
0,1,38,249
0,6,38,39
0,11,38,711
0,16,38,34
0,21,38,34
0,26,38,34
0,31,38,46
0,36,38,677
0,41,38,726
0,46,38,741
0,51,38,731
0,56,38,700
0,61,38,88
0,66,38,34
0,71,38,34
0,76,38,34
0,81,38,34
0,86,38,34
0,91,38,268
0,96,38,714
0,101,38,746
0,106,38,479
0,111,38,36
0,116,38,33
0,121,38,47
0,126,38,33
0,131,38,40
0,136,38,34
0,141,38,34
0,146,38,33
0,1,39,125
0,6,39,39
0,11,39,692
0,16,39,33
0,21,39,34
0,26,39,33
0,31,39,41
0,36,39,562
0,41,39,717
0,46,39,732
0,51,39,720
0,56,39,78
0,61,39,119
0,66,39,92
0,71,39,34
0,76,39,34
0,81,39,102
0,86,39,678
0,91,39,71
0,96,39,34
0,101,39,33
0,106,39,108
0,111,39,725
0,116,39,64
0,121,39,48
0,126,39,34
0,131,39,41
0,136,39,34
0,141,39,34
0,146,39,33
0,1,40,39
0,6,40,622
0,11,40,685
0,16,40,33
0,21,40,33
0,26,40,33
0,31,40,34
0,36,40,219
0,41,40,704
0,46,40,717
0,51,40,704
0,56,40,135
0,61,40,35
0,66,40,101
0,71,40,693
0,76,40,692
0,81,40,89
0,86,40,34
0,91,40,33
0,96,40,34
0,101,40,34
0,106,40,33
0,111,40,43
0,116,40,572
0,121,40,767
0,126,40,37
0,131,40,41
0,136,40,34
0,141,40,34
0,146,40,33
0,1,41,39
0,6,41,587
0,11,41,538
0,16,41,33
0,21,41,33
0,26,41,34
0,31,41,34
0,36,41,61
0,41,41,699
0,46,41,725
0,51,41,708
0,56,41,473
0,61,41,82
0,66,41,700
0,71,41,743
0,76,41,743
0,81,41,37
0,86,41,34
0,91,41,34
0,96,41,33
0,101,41,34
0,106,41,34
0,111,41,33
0,116,41,37
0,121,41,171
0,126,41,746
0,131,41,55
0,136,41,33
0,141,41,34
0,146,41,32
0,1,42,39
0,6,42,39
0,11,42,91
0,16,42,34
0,21,42,34
0,26,42,34
0,31,42,34
0,36,42,38
0,41,42,310
0,46,42,723
0,51,42,726
0,56,42,720
0,61,42,117
0,66,42,35
0,71,42,34
0,76,42,69
0,81,42,721
0,86,42,43
0,91,42,33
0,96,42,34
0,101,42,34
0,106,42,34
0,111,42,34
0,116,42,34
0,121,42,44
0,126,42,347
0,131,42,745
0,136,42,38
0,141,42,34
0,146,42,33
0,1,43,39
0,6,43,39
0,11,43,44
0,16,43,33
0,21,43,33
0,26,43,34
0,31,43,34
0,36,43,34
0,41,43,62
0,46,43,755
0,51,43,747
0,56,43,722
0,61,43,101
0,66,43,36
0,71,43,34
0,76,43,34
0,81,43,69
0,86,43,718
0,91,43,46
0,96,43,34
0,101,43,34
0,106,43,33
0,111,43,33
0,116,43,33
0,121,43,33
0,126,43,58
0,131,43,649
0,136,43,83
0,141,43,35
0,146,43,33
0,1,44,39
0,6,44,39
0,11,44,518
0,16,44,33
0,21,44,33
0,26,44,34
0,31,44,46
0,36,44,620
0,41,44,201
0,46,44,339
0,51,44,728
0,56,44,733
0,61,44,189
0,66,44,50
0,71,44,34
0,76,44,34
0,81,44,34
0,86,44,71
0,91,44,722
0,96,44,39
0,101,44,34
0,106,44,33
0,111,44,34
0,116,44,33
0,121,44,34
0,126,44,40
0,131,44,297
0,136,44,626
0,141,44,38
0,146,44,32
0,1,45,39
0,6,45,48
0,11,45,40
0,16,45,33
0,21,45,40
0,26,45,299
0,31,45,658
0,36,45,38
0,41,45,34
0,46,45,36
0,51,45,279
0,56,45,756
0,61,45,745
0,66,45,94
0,71,45,45
0,76,45,34
0,81,45,34
0,86,45,34
0,91,45,93
0,96,45,728
0,101,45,40
0,106,45,34
0,111,45,33
0,116,45,33
0,121,45,33
0,126,45,40
0,131,45,250
0,136,45,704
0,141,45,42
0,146,45,33
0,1,46,40
0,6,46,72
0,11,46,40
0,16,46,555
0,21,46,703
0,26,46,84
0,31,46,34
0,36,46,34
0,41,46,34
0,46,46,34
0,51,46,49
0,56,46,712
0,61,46,753
0,66,46,204
0,71,46,71
0,76,46,38
0,81,46,34
0,86,46,34
0,91,46,36
0,96,46,453
0,101,46,190
0,106,46,35
0,111,46,34
0,116,46,34
0,121,46,34
0,126,46,54
0,131,46,674
0,136,46,150
0,141,46,42
0,146,46,33