0,1,0,30
0,3,0,41
0,5,0,29
0,7,0,29
0,9,0,28
0,11,0,28
0,13,0,28
0,15,0,29
0,17,0,29
0,19,0,29
0,21,0,29
0,23,0,30
0,25,0,30
0,27,0,29
0,29,0,29
0,31,0,29
0,33,0,30
0,35,0,30
0,37,0,40
0,39,0,64
0,41,0,405
0,43,0,771
0,45,0,869
0,47,0,874
0,49,0,874
0,51,0,515
0,53,0,45
0,55,0,31
0,57,0,29
0,59,0,30
0,61,0,29
0,63,0,32
0,65,0,36
0,67,0,50
0,69,0,121
0,71,0,419
0,73,0,758
0,75,0,811
0,77,0,815
0,79,0,818
0,81,0,819
0,83,0,820
0,85,0,825
0,87,0,281
0,89,0,58
0,91,0,31
0,93,0,30
0,95,0,29
0,97,0,29
0,99,0,29
0,101,0,29
0,103,0,29
0,105,0,29
0,107,0,29
0,109,0,29
0,111,0,29
0,113,0,29
0,115,0,28
0,117,0,29
0,119,0,40
0,121,0,29
0,123,0,30
0,125,0,37
0,127,0,52
0,129,0,117
0,131,0,530
0,133,0,815
0,135,0,189
0,137,0,68
0,139,0,34
0,141,0,29
0,143,0,29
0,145,0,29
0,147,0,29
0,149,0,39
0,1,1,33
0,3,1,37
0,5,1,322
0,7,1,39
0,9,1,28
0,11,1,28
0,13,1,27
0,15,1,28
0,17,1,28
0,19,1,29
0,21,1,29
0,23,1,29
0,25,1,29
0,27,1,29
0,29,1,31
0,31,1,42
0,33,1,81
0,35,1,279
0,37,1,719
0,39,1,729
0,41,1,729
0,43,1,736
0,45,1,786
0,47,1,801
0,49,1,804
0,51,1,803
0,53,1,83
0,55,1,37
0,57,1,31
0,59,1,29
0,61,1,29
0,63,1,29
0,65,1,29
0,67,1,30
0,69,1,32
0,71,1,45
0,73,1,79
0,75,1,163
0,77,1,395
0,79,1,692
0,81,1,806
0,83,1,812
0,85,1,816
0,87,1,817
0,89,1,828
0,91,1,819
0,93,1,91
0,95,1,44
0,97,1,34
0,99,1,29
0,101,1,29
0,103,1,29
0,105,1,29
0,107,1,29
0,109,1,29
0,111,1,29
0,113,1,29
0,115,1,29
0,117,1,29
0,119,1,28
0,121,1,29
0,123,1,40
0,125,1,29
0,127,1,36
0,129,1,52
0,131,1,152
0,133,1,687
0,135,1,817
0,137,1,651
0,139,1,53
0,141,1,35
0,143,1,29
0,145,1,29
0,147,1,29
0,149,1,28
0,1,2,32
0,3,2,33
0,5,2,43
0,7,2,39
0,9,2,28
0,11,2,29
0,13,2,27
0,15,2,28
0,17,2,28
0,19,2,29
0,21,2,34
0,23,2,72
0,25,2,244
0,27,2,629
0,29,2,715
0,31,2,699
0,33,2,82
0,35,2,46
0,37,2,32
0,39,2,29
0,41,2,29
0,43,2,29
0,45,2,38
0,47,2,59
0,49,2,229
0,51,2,668
0,53,2,776
0,55,2,766
0,57,2,89
0,59,2,38
0,61,2,30
0,63,2,29
0,65,2,29
0,67,2,31
0,69,2,29
0,71,2,30
0,73,2,32
0,75,2,36
0,77,2,47
0,79,2,101
0,81,2,276
0,83,2,504
0,85,2,776
0,87,2,815
0,89,2,823
0,91,2,831
0,93,2,840
0,95,2,845
0,97,2,840
0,99,2,186
0,101,2,45
0,103,2,32
0,105,2,29
0,107,2,29
0,109,2,29
0,111,2,29
0,113,2,29
0,115,2,29
0,117,2,29
0,119,2,29
0,121,2,29
0,123,2,29
0,125,2,30
0,127,2,49
0,129,2,62
0,131,2,242
0,133,2,741
0,135,2,807
0,137,2,575
0,139,2,56
0,141,2,32
0,143,2,29
0,145,2,28
0,147,2,29
0,149,2,28
0,1,3,47
0,3,3,32
0,5,3,32
0,7,3,51
0,9,3,37
0,11,3,39
0,13,3,37
0,15,3,58
0,17,3,152
0,19,3,514
0,21,3,728
0,23,3,688
0,25,3,105
0,27,3,47
0,29,3,32
0,31,3,29
0,33,3,29
0,35,3,29
0,37,3,40
0,39,3,29
0,41,3,30
0,43,3,29
0,45,3,29
0,47,3,29
0,49,3,35
0,51,3,52
0,53,3,435
0,55,3,756
0,57,3,783
0,59,3,780
0,61,3,76
0,63,3,33
0,65,3,29
0,67,3,39
0,69,3,29
0,71,3,33
0,73,3,29
0,75,3,30
0,77,3,31
0,79,3,37
0,81,3,49
0,83,3,80
0,85,3,243
0,87,3,426
0,89,3,605
0,91,3,793
0,93,3,802
0,95,3,806
0,97,3,810
0,99,3,810
0,101,3,808
0,103,3,143
0,105,3,75
0,107,3,38
0,109,3,31
0,111,3,29
0,113,3,29
0,115,3,29
0,117,3,29
0,119,3,29
0,121,3,29
0,123,3,29
0,125,3,42
0,127,3,69
0,129,3,203
0,131,3,740
0,133,3,794
0,135,3,366
0,137,3,74
0,139,3,36
0,141,3,29
0,143,3,29
0,145,3,28
0,147,3,39
0,149,3,28
0,1,4,614
0,3,4,63
0,5,4,33
0,7,4,716
0,9,4,740
0,11,4,732
0,13,4,743
0,15,4,741
0,17,4,643
0,19,4,100
0,21,4,44
0,23,4,30
0,25,4,29
0,27,4,29
0,29,4,29
0,31,4,29
0,33,4,29
0,35,4,29
0,37,4,36
0,39,4,29
0,41,4,40
0,43,4,29
0,45,4,30
0,47,4,30
0,49,4,30
0,51,4,29
0,53,4,39
0,55,4,70
0,57,4,244
0,59,4,763
0,61,4,787
0,63,4,348
0,65,4,73
0,67,4,41
0,69,4,30
0,71,4,40
0,73,4,29
0,75,4,35
0,77,4,29
0,79,4,31
0,81,4,32
0,83,4,36
0,85,4,49
0,87,4,66
0,89,4,158
0,91,4,502
0,93,4,713
0,95,4,796
0,97,4,800
0,99,4,803
0,101,4,807
0,103,4,808
0,105,4,806
0,107,4,807
0,109,4,108
0,111,4,42
0,113,4,30
0,115,4,30
0,117,4,29
0,119,4,29
0,121,4,36
0,123,4,61
0,125,4,227
0,127,4,634
0,129,4,771
0,131,4,786
0,133,4,138
0,135,4,53
0,137,4,32
0,139,4,30
0,141,4,29
0,143,4,29
0,145,4,29
0,147,4,40
0,149,4,28
0,1,5,679
0,3,5,390
0,5,5,33
0,7,5,69
0,9,5,66
0,11,5,75
0,13,5,64
0,15,5,43
0,17,5,32
0,19,5,29
0,21,5,29
0,23,5,30
0,25,5,30
0,27,5,30
0,29,5,29
0,31,5,30
0,33,5,30
0,35,5,30
0,37,5,30
0,39,5,29
0,41,5,29
0,43,5,29
0,45,5,40
0,47,5,29
0,49,5,31
0,51,5,30
0,53,5,30
0,55,5,30
0,57,5,37
0,59,5,64
0,61,5,259
0,63,5,778
0,65,5,789
0,67,5,790
0,69,5,124
0,71,5,40
0,73,5,30
0,75,5,40
0,77,5,29
0,79,5,45
0,81,5,30
0,83,5,32
0,85,5,34
0,87,5,38
0,89,5,50
0,91,5,144
0,93,5,420
0,95,5,569
0,97,5,716
0,99,5,786
0,101,5,789
0,103,5,793
0,105,5,795
0,107,5,795
0,109,5,792
0,111,5,303
0,113,5,50
0,115,5,39
0,117,5,45
0,119,5,105
0,121,5,305
0,123,5,738
0,125,5,765
0,127,5,771
0,129,5,135
0,131,5,41
0,133,5,31
0,135,5,24
0,137,5,29
0,139,5,40
0,141,5,29
0,143,5,30
0,145,5,29
0,147,5,40
0,149,5,28
0,1,6,746
0,3,6,624
0,5,6,33
0,7,6,29
0,9,6,30
0,11,6,28
0,13,6,29
0,15,6,29
0,17,6,29
0,19,6,29
0,21,6,29
0,23,6,30
0,25,6,30
0,27,6,30
0,29,6,30
0,31,6,30
0,33,6,30
0,35,6,29
0,37,6,29
0,39,6,29
0,41,6,29
0,43,6,30
0,45,6,31
0,47,6,30
0,49,6,40
0,51,6,30
0,53,6,31
0,55,6,30
0,57,6,30
0,59,6,30
0,61,6,37
0,63,6,98
0,65,6,291
0,67,6,731
0,69,6,790
0,71,6,793
0,73,6,85
0,75,6,46
0,77,6,34
0,79,6,38
0,81,6,29
0,83,6,41
0,85,6,31
0,87,6,33
0,89,6,36
0,91,6,54
0,93,6,115
0,95,6,339
0,97,6,491
0,99,6,623
0,101,6,767
0,103,6,775
0,105,6,778
0,107,6,781
0,109,6,785
0,111,6,790
0,113,6,793
0,115,6,786
0,117,6,772
0,119,6,779
0,121,6,754
0,123,6,85
0,125,6,40
0,127,6,32
0,129,6,29
0,131,6,29
0,133,6,29
0,135,6,30
0,137,6,30
0,139,6,29
0,141,6,29
0,143,6,40
0,145,6,29
0,147,6,40
0,149,6,28
0,1,7,700
0,3,7,68
0,5,7,33
0,7,7,29
0,9,7,30
0,11,7,29
0,13,7,28
0,15,7,29
0,17,7,29
0,19,7,29
0,21,7,30
0,23,7,30
0,25,7,30
0,27,7,30
0,29,7,30
0,31,7,30
0,33,7,30
0,35,7,30
0,37,7,30
0,39,7,30
0,41,7,30
0,43,7,30
0,45,7,30
0,47,7,30
0,49,7,30
0,51,7,30
0,53,7,30
0,55,7,30
0,57,7,32
0,59,7,30
0,61,7,30
0,63,7,31
0,65,7,38
0,67,7,59
0,69,7,222
0,71,7,725
0,73,7,786
0,75,7,788
0,77,7,571
0,79,7,58
0,81,7,35
0,83,7,36
0,85,7,30
0,87,7,42
0,89,7,33
0,91,7,39
0,93,7,56
0,95,7,115
0,97,7,260
0,99,7,454
0,101,7,650
0,103,7,754
0,105,7,769
0,107,7,776
0,109,7,783
0,111,7,793
0,113,7,789
0,115,7,144
0,117,7,71
0,119,7,35
0,121,7,32
0,123,7,30
0,125,7,30
0,127,7,30
0,129,7,30
0,131,7,30
0,133,7,30
0,135,7,30
0,137,7,30
0,139,7,30
0,141,7,30
0,143,7,30
0,145,7,29
0,147,7,40
0,149,7,29
0,1,8,719
0,3,8,33
0,5,8,34
0,7,8,29
0,9,8,41
0,11,8,29
0,13,8,29
0,15,8,29
0,17,8,29
0,19,8,30
0,21,8,30
0,23,8,30
0,25,8,30
0,27,8,30
0,29,8,30
0,31,8,31
0,33,8,30
0,35,8,31
0,37,8,30
0,39,8,30
0,41,8,30
0,43,8,30
0,45,8,30
0,47,8,30
0,49,8,30
0,51,8,30
0,53,8,30
0,55,8,30
0,57,8,40
0,59,8,30
0,61,8,30
0,63,8,30
0,65,8,30
0,67,8,30
0,69,8,34
0,71,8,67
0,73,8,272
0,75,8,639
0,77,8,778
0,79,8,780
0,81,8,778
0,83,8,96
0,85,8,40
0,87,8,33
0,89,8,31
0,91,8,35
0,93,8,42
0,95,8,72
0,97,8,140
0,99,8,671
0,101,8,761
0,103,8,785
0,105,8,794
0,107,8,805
0,109,8,810
0,111,8,819
0,113,8,809
0,115,8,172
0,117,8,60
0,119,8,38
0,121,8,41
0,123,8,30
0,125,8,32
0,127,8,30
0,129,8,30
0,131,8,30
0,133,8,30
0,135,8,30
0,137,8,30
0,139,8,30
0,141,8,30
0,143,8,30
0,145,8,29
0,147,8,29
0,149,8,32
0,1,9,687
0,3,9,34
0,5,9,34
0,7,9,30
0,9,9,41
0,11,9,29
0,13,9,29
0,15,9,29
0,17,9,30
0,19,9,30
0,21,9,30
0,23,9,30
0,25,9,30
0,27,9,30
0,29,9,30
0,31,9,30
0,33,9,30
0,35,9,32
0,37,9,30
0,39,9,31
0,41,9,30
0,43,9,30
0,45,9,30
0,47,9,30
0,49,9,30
0,51,9,30
0,53,9,30
0,55,9,30
0,57,9,30
0,59,9,30
0,61,9,24
0,63,9,30
0,65,9,30
0,67,9,30
0,69,9,31
0,71,9,30
0,73,9,39
0,75,9,56
0,77,9,132
0,79,9,610
0,81,9,771
0,83,9,777
0,85,9,780
0,87,9,765
0,89,9,765
0,91,9,760
0,93,9,761
0,95,9,773
0,97,9,765
0,99,9,672
0,101,9,644
0,103,9,668
0,105,9,763
0,107,9,817
0,109,9,819
0,111,9,819
0,113,9,495
0,115,9,79
0,117,9,51
0,119,9,32
0,121,9,30
0,123,9,30
0,125,9,39
0,127,9,30
0,129,9,38
0,131,9,30
0,133,9,31
0,135,9,30
0,137,9,30
0,139,9,30
0,141,9,30
0,143,9,30
0,145,9,30
0,147,9,29
0,149,9,41
0,1,10,626
0,3,10,33
0,5,10,34
0,7,10,30
0,9,10,41
0,11,10,29
0,13,10,29
0,15,10,29
0,17,10,30
0,19,10,30
0,21,10,30
0,23,10,30
0,25,10,30
0,27,10,30
0,29,10,30
0,31,10,30
0,33,10,30
0,35,10,42
0,37,10,31
0,39,10,31
0,41,10,30
0,43,10,31
0,45,10,30
0,47,10,30
0,49,10,30
0,51,10,30
0,53,10,30
0,55,10,30
0,57,10,31
0,59,10,30
0,61,10,30
0,63,10,30
0,65,10,30
0,67,10,30
0,69,10,30
0,71,10,30
0,73,10,31
0,75,10,31
0,77,10,40
0,79,10,113
0,81,10,346
0,83,10,736
0,85,10,799
0,87,10,800
0,89,10,803
0,91,10,176
0,93,10,58
0,95,10,61
0,97,10,62
0,99,10,150
0,101,10,495
0,103,10,591
0,105,10,748
0,107,10,798
0,109,10,799
0,111,10,759
0,113,10,86
0,115,10,46
0,117,10,34
0,119,10,30
0,121,10,36
0,123,10,30
0,125,10,41
0,127,10,30
0,129,10,31
0,131,10,30
0,133,10,30
0,135,10,30
0,137,10,30
0,139,10,30
0,141,10,30
0,143,10,30
0,145,10,30
0,147,10,29
0,149,10,32
0,1,11,563
0,3,11,42
0,5,11,34
0,7,11,32
0,9,11,44
0,11,11,32
0,13,11,31
0,15,11,30
0,17,11,30
0,19,11,30
0,21,11,30
0,23,11,31
0,25,11,30
0,27,11,31
0,29,11,30
0,31,11,36
0,33,11,30
0,35,11,31
0,37,11,30
0,39,11,31
0,41,11,30
0,43,11,30
0,45,11,30
0,47,11,30
0,49,11,30
0,51,11,30
0,53,11,30
0,55,11,30
0,57,11,36
0,59,11,30
0,61,11,42
0,63,11,30
0,65,11,30
0,67,11,36
0,69,11,65
0,71,11,264
0,73,11,726
0,75,11,736
0,77,11,692
0,79,11,82
0,81,11,78
0,83,11,122
0,85,11,393
0,87,11,710
0,89,11,802
0,91,11,797
0,93,11,801
0,95,11,583
0,97,11,379
0,99,11,513
0,101,11,583
0,103,11,661
0,105,11,781
0,107,11,786
0,109,11,312
0,111,11,56
0,113,11,36
0,115,11,31
0,117,11,40
0,119,11,30
0,121,11,32
0,123,11,30
0,125,11,31
0,127,11,30
0,129,11,30
0,131,11,30
0,133,11,30
0,135,11,30
0,137,11,30
0,139,11,30
0,141,11,30
0,143,11,30
0,145,11,29
0,147,11,40
0,149,11,30
0,1,12,340
0,3,12,260
0,5,12,34
0,7,12,296
0,9,12,363
0,11,12,352
0,13,12,222
0,15,12,114
0,17,12,64
0,19,12,48
0,21,12,34
0,23,12,30
0,25,12,31
0,27,12,31
0,29,12,30
0,31,12,30
0,33,12,30
0,35,12,31
0,37,12,30
0,39,12,30
0,41,12,31
0,43,12,30
0,45,12,30
0,47,12,30
0,49,12,30
0,51,12,30
0,53,12,41
0,55,12,30
0,57,12,35
0,59,12,55
0,61,12,170
0,63,12,715
0,65,12,735
0,67,12,646
0,69,12,65
0,71,12,38
0,73,12,30
0,75,12,31
0,77,12,30
0,79,12,31
0,81,12,31
0,83,12,50
0,85,12,79
0,87,12,171
0,89,12,594
0,91,12,775
0,93,12,788
0,95,12,791
0,97,12,796
0,99,12,796
0,101,12,794
0,103,12,781
0,105,12,160
0,107,12,66
0,109,12,40
0,111,12,31
0,113,12,41
0,115,12,30
0,117,12,31
0,119,12,30
0,121,12,31
0,123,12,30
0,125,12,30
0,127,12,30
0,129,12,30
0,131,12,30
0,133,12,30
0,135,12,30
0,137,12,30
0,139,12,34
0,141,12,30
0,143,12,41
0,145,12,30
0,147,12,41
0,149,12,29
0,1,13,53
0,3,13,34
0,5,13,34
0,7,13,458
0,9,13,444
0,11,13,437
0,13,13,476
0,15,13,619
0,17,13,740
0,19,13,746
0,21,13,746
0,23,13,45
0,25,13,35
0,27,13,31
0,29,13,31
0,31,13,31
0,33,13,31
0,35,13,31
0,37,13,31
0,39,13,31
0,41,13,31
0,43,13,30
0,45,13,39
0,47,13,31
0,49,13,56
0,51,13,91
0,53,13,603
0,55,13,743
0,57,13,721
0,59,13,118
0,61,13,46
0,63,13,31
0,65,13,30
0,67,13,30
0,69,13,31
0,71,13,30
0,73,13,30
0,75,13,35
0,77,13,30
0,79,13,42
0,81,13,31
0,83,13,32
0,85,13,40
0,87,13,60
0,89,13,175
0,91,13,743
0,93,13,794
0,95,13,799
0,97,13,803
0,99,13,716
0,101,13,115
0,103,13,41
0,105,13,38
0,107,13,30
0,109,13,42
0,111,13,30
0,113,13,30
0,115,13,30
0,117,13,31
0,119,13,30
0,121,13,30
0,123,13,30
0,125,13,30
0,127,13,30
0,129,13,30
0,131,13,30
0,133,13,30
0,135,13,39
0,137,13,30
0,139,13,36
0,141,13,30
0,143,13,31
0,145,13,30
0,147,13,41
0,149,13,29
0,1,14,95
0,3,14,34
0,5,14,41
0,7,14,29
0,9,14,30
0,11,14,40
0,13,14,29
0,15,14,30
0,17,14,33
0,19,14,38
0,21,14,95
0,23,14,737
0,25,14,750
0,27,14,749
0,29,14,184
0,31,14,52
0,33,14,34
0,35,14,31
0,37,14,31
0,39,14,38
0,41,14,84
0,43,14,189
0,45,14,699
0,47,14,742
0,49,14,480
0,51,14,80
0,53,14,33
0,55,14,31
0,57,14,30
0,59,14,30
0,61,14,30
0,63,14,30
0,65,14,31
0,67,14,30
0,69,14,30
0,71,14,30
0,73,14,30
0,75,14,45
0,77,14,30
0,79,14,30
0,81,14,31
0,83,14,31
0,85,14,34
0,87,14,42
0,89,14,83
0,91,14,550
0,93,14,814
0,95,14,824
0,97,14,827
0,99,14,829
0,101,14,470
0,103,14,69
0,105,14,50
0,107,14,32
0,109,14,31
0,111,14,31
0,113,14,30
0,115,14,30
0,117,14,30
0,119,14,30
0,121,14,31
0,123,14,30
0,125,14,30
0,127,14,30
0,129,14,30
0,131,14,40
0,133,14,30
0,135,14,34
0,137,14,30
0,139,14,31
0,141,14,30
0,143,14,31
0,145,14,30
0,147,14,41
0,149,14,29
0,1,15,235
0,3,15,32
0,5,15,677
0,7,15,41
0,9,15,30
0,11,15,32
0,13,15,30
0,15,15,30
0,17,15,30
0,19,15,31
0,21,15,31
0,23,15,31
0,25,15,39
0,27,15,53
0,29,15,128
0,31,15,492
0,33,15,778
0,35,15,794
0,37,15,802
0,39,15,797
0,41,15,130
0,43,15,56
0,45,15,34
0,47,15,31
0,49,15,31
0,51,15,31
0,53,15,31
0,55,15,31
0,57,15,31
0,59,15,31
0,61,15,31
0,63,15,31
0,65,15,31
0,67,15,41
0,69,15,31
0,71,15,31
0,73,15,31
0,75,15,31
0,77,15,31
0,79,15,34
0,81,15,43
0,83,15,66
0,85,15,236
0,87,15,587
0,89,15,813
0,91,15,833
0,93,15,838
0,95,15,838
0,97,15,839
0,99,15,838
0,101,15,838
0,103,15,841
0,105,15,52
0,107,15,36
0,109,15,31
0,111,15,31
0,113,15,31
0,115,15,30
0,117,15,31
0,119,15,31
0,121,15,31
0,123,15,31
0,125,15,30
0,127,15,41
0,129,15,31
0,131,15,32
0,133,15,31
0,135,15,31
0,137,15,30
0,139,15,31
0,141,15,31
0,143,15,31
0,145,15,30
0,147,15,31
0,149,15,29
0,1,16,45
0,3,16,34
0,5,16,104
0,7,16,41
0,9,16,30
0,11,16,30
0,13,16,30
0,15,16,30
0,17,16,30
0,19,16,31
0,21,16,43
0,23,16,86
0,25,16,319
0,27,16,705
0,29,16,765
0,31,16,743
0,33,16,115
0,35,16,124
0,37,16,97
0,39,16,167
0,41,16,723
0,43,16,790
0,45,16,789
0,47,16,182
0,49,16,52
0,51,16,36
0,53,16,31
0,55,16,31
0,57,16,31
0,59,16,31
0,61,16,31
0,63,16,31
0,65,16,31
0,67,16,32
0,69,16,31
0,71,16,31
0,73,16,34
0,75,16,45
0,77,16,77
0,79,16,321
0,81,16,627
0,83,16,782
0,85,16,635
0,87,16,221
0,89,16,130
0,91,16,238
0,93,16,723
0,95,16,836
0,97,16,828
0,99,16,836
0,101,16,833
0,103,16,154
0,105,16,58
0,107,16,40
0,109,16,33
0,111,16,31
0,113,16,31
0,115,16,31
0,117,16,31
0,119,16,40
0,121,16,31
0,123,16,41
0,125,16,31
0,127,16,31
0,129,16,31
0,131,16,31
0,133,16,31
0,135,16,31
0,137,16,31
0,139,16,31
0,141,16,31
0,143,16,31
0,145,16,30
0,147,16,30
0,149,16,40
0,1,17,44
0,3,17,81
0,5,17,34
0,7,17,64
0,9,17,48
0,11,17,48
0,13,17,58
0,15,17,119
0,17,17,451
0,19,17,730
0,21,17,741
0,23,17,184
0,25,17,57
0,27,17,38
0,29,17,33
0,31,17,31
0,33,17,31
0,35,17,31
0,37,17,31
0,39,17,31
0,41,17,31
0,43,17,31
0,45,17,39
0,47,17,54
0,49,17,146
0,51,17,511
0,53,17,742
0,55,17,745
0,57,17,138
0,59,17,47
0,61,17,32
0,63,17,31
0,65,17,32
0,67,17,38
0,69,17,62
0,71,17,249
0,73,17,610
0,75,17,765
0,77,17,770
0,79,17,552
0,81,17,84
0,83,17,45
0,85,17,43
0,87,17,34
0,89,17,53
0,91,17,224
0,93,17,731
0,95,17,813
0,97,17,814
0,99,17,819
0,101,17,818
0,103,17,102
0,105,17,45
0,107,17,35
0,109,17,31
0,111,17,31
0,113,17,31
0,115,17,42
0,117,17,31
0,119,17,32
0,121,17,31
0,123,17,31
0,125,17,31
0,127,17,31
0,129,17,31
0,131,17,31
0,133,17,31
0,135,17,31
0,137,17,31
0,139,17,31
0,141,17,29
0,143,17,31
0,145,17,42
0,147,17,30
0,149,17,41
0,1,18,37
0,3,18,598
0,5,18,35
0,7,18,675
0,9,18,756
0,11,18,759
0,13,18,762
0,15,18,522
0,17,18,81
0,19,18,46
0,21,18,32
0,23,18,31
0,25,18,31
0,27,18,31
0,29,18,31
0,31,18,31
0,33,18,31
0,35,18,31
0,37,18,31
0,39,18,31
0,41,18,31
0,43,18,31
0,45,18,31
0,47,18,31
0,49,18,31
0,51,18,42
0,53,18,31
0,55,18,36
0,57,18,51
0,59,18,127
0,61,18,502
0,63,18,763
0,65,18,774
0,67,18,780
0,69,18,779
0,71,18,770
0,73,18,654
0,75,18,100
0,77,18,58
0,79,18,32
0,81,18,42
0,83,18,31
0,85,18,36
0,87,18,44
0,89,18,86
0,91,18,484
0,93,18,791
0,95,18,800
0,97,18,803
0,99,18,800
0,101,18,234
0,103,18,45
0,105,18,36
0,107,18,31
0,109,18,31
0,111,18,31
0,113,18,31
0,115,18,32
0,117,18,31
0,119,18,31
0,121,18,31
0,123,18,31
0,125,18,31
0,127,18,31
0,129,18,31
0,131,18,31
0,133,18,31
0,135,18,31
0,137,18,40
0,139,18,31
0,141,18,47
0,143,18,31
0,145,18,42
0,147,18,30
0,149,18,41
0,1,19,34
0,3,19,679
0,5,19,34
0,7,19,47
0,9,19,36
0,11,19,36
0,13,19,35
0,15,19,31
0,17,19,30
0,19,19,30
0,21,19,31
0,23,19,31
0,25,19,31
0,27,19,31
0,29,19,31
0,31,19,31
0,33,19,31
0,35,19,31
0,37,19,31
0,39,19,31
0,41,19,31
0,43,19,40
0,45,19,31
0,47,19,42
0,49,19,31
0,51,19,32
0,53,19,37
0,55,19,70
0,57,19,188
0,59,19,646
0,61,19,755
0,63,19,761
0,65,19,766
0,67,19,774
0,69,19,785
0,71,19,798
0,73,19,806
0,75,19,791
0,77,19,773
0,79,19,70
0,81,19,39
0,83,19,33
0,85,19,47
0,87,19,70
0,89,19,268
0,91,19,771
0,93,19,798
0,95,19,802
0,97,19,778
0,99,19,115
0,101,19,43
0,103,19,42
0,105,19,31
0,107,19,39
0,109,19,31
0,111,19,31
0,113,19,31
0,115,19,31
0,117,19,31
0,119,19,31
0,121,19,31
0,123,19,31
0,125,19,31
0,127,19,31
0,129,19,31
0,131,19,31
0,133,19,41
0,135,19,31
0,137,19,32
0,139,19,31
0,141,19,31
0,143,19,31
0,145,19,31
0,147,19,30
0,149,19,42
0,1,20,34
0,3,20,39
0,5,20,34
0,7,20,30
0,9,20,41
0,11,20,29
0,13,20,29
0,15,20,30
0,17,20,30
0,19,20,30
0,21,20,31
0,23,20,31
0,25,20,31
0,27,20,31
0,29,20,31
0,31,20,31
0,33,20,31
0,35,20,31
0,37,20,31
0,39,20,42
0,41,20,31
0,43,20,42
0,45,20,32
0,47,20,38
0,49,20,64
0,51,20,206
0,53,20,735
0,55,20,760
0,57,20,761
0,59,20,763
0,61,20,764
0,63,20,742
0,65,20,109
0,67,20,56
0,69,20,44
0,71,20,31
0,73,20,35
0,75,20,32
0,77,20,41
0,79,20,87
0,81,20,255
0,83,20,732
0,85,20,783
0,87,20,790
0,89,20,797
0,91,20,799
0,93,20,798
0,95,20,255
0,97,20,64
0,99,20,49
0,101,20,31
0,103,20,31
0,105,20,31
0,107,20,31
0,109,20,31
0,111,20,31
0,113,20,31
0,115,20,31
0,117,20,31
0,119,20,31
0,121,20,31
0,123,20,31
0,125,20,31
0,127,20,31
0,129,20,42
0,131,20,31
0,133,20,32
0,135,20,31
0,137,20,31
0,139,20,31
0,141,20,31
0,143,20,31
0,145,20,31
0,147,20,30
0,149,20,41
0,1,21,31
0,3,21,34
0,5,21,34
0,7,21,29
0,9,21,41
0,11,21,29
0,13,21,29
0,15,21,29
0,17,21,30
0,19,21,30
0,21,21,31
0,23,21,31
0,25,21,31
0,27,21,31
0,29,21,31
0,31,21,31
0,33,21,31
0,35,21,42
0,37,21,31
0,39,21,33
0,41,21,45
0,43,21,71
0,45,21,369
0,47,21,677
0,49,21,762
0,51,21,763
0,53,21,763
0,55,21,764
0,57,21,766
0,59,21,744
0,61,21,124
0,63,21,43
0,65,21,44
0,67,21,31
0,69,21,32
0,71,21,31
0,73,21,31
0,75,21,31
0,77,21,31
0,79,21,37
0,81,21,58
0,83,21,120
0,85,21,587
0,87,21,771
0,89,21,791
0,91,21,794
0,93,21,789
0,95,21,782
0,97,21,438
0,99,21,60
0,101,21,39
0,103,21,31
0,105,21,31
0,107,21,31
0,109,21,31
0,111,21,31
0,113,21,31
0,115,21,31
0,117,21,31
0,119,21,31
0,121,21,31
0,123,21,31
0,125,21,42
0,127,21,31
0,129,21,32
0,131,21,31
0,133,21,31
0,135,21,31
0,137,21,31
0,139,21,31
0,141,21,31
0,143,21,31
0,145,21,31
0,147,21,30
0,149,21,34
0,1,22,452
0,3,22,35
0,5,22,39
0,7,22,29
0,9,22,41
0,11,22,29
0,13,22,28
0,15,22,30
0,17,22,30
0,19,22,30
0,21,22,31
0,23,22,31
0,25,22,31
0,27,22,31
0,29,22,31
0,31,22,46
0,33,22,34
0,35,22,47
0,37,22,98
0,39,22,312
0,41,22,754
0,43,22,769
0,45,22,768
0,47,22,766
0,49,22,764
0,51,22,764
0,53,22,763
0,55,22,674
0,57,22,87
0,59,22,45
0,61,22,33
0,63,22,31
0,65,22,31
0,67,22,31
0,69,22,31
0,71,22,31
0,73,22,31
0,75,22,35
0,77,22,48
0,79,22,155
0,81,22,517
0,83,22,764
0,85,22,776
0,87,22,777
0,89,22,103
0,91,22,52
0,93,22,32
0,95,22,38
0,97,22,52
0,99,22,160
0,101,22,636
0,103,22,791
0,105,22,796
0,107,22,157
0,109,22,63
0,111,22,35
0,113,22,31
0,115,22,31
0,117,22,40
0,119,22,31
0,121,22,35
0,123,22,31
0,125,22,31
0,127,22,31
0,129,22,31
0,131,22,31
0,133,22,31
0,135,22,31
0,137,22,31
0,139,22,31
0,141,22,31
0,143,22,31
0,145,22,30
0,147,22,41
0,149,22,31
0,1,23,36
0,3,23,34
0,5,23,489
0,7,23,29
0,9,23,41
0,11,23,29
0,13,23,28
0,15,23,29
0,17,23,30
0,19,23,30
0,21,23,31
0,23,23,31
0,25,23,31
0,27,23,32
0,29,23,44
0,31,23,86
0,33,23,388
0,35,23,752
0,37,23,777
0,39,23,778
0,41,23,776
0,43,23,773
0,45,23,770
0,47,23,769
0,49,23,766
0,51,23,711
0,53,23,93
0,55,23,50
0,57,23,36
0,59,23,32
0,61,23,32
0,63,23,31
0,65,23,31
0,67,23,31
0,69,23,31
0,71,23,36
0,73,23,63
0,75,23,147
0,77,23,548
0,79,23,770
0,81,23,773
0,83,23,589
0,85,23,68
0,87,23,46
0,89,23,32
0,91,23,31
0,93,23,31
0,95,23,31
0,97,23,31
0,99,23,31
0,101,23,31
0,103,23,33
0,105,23,55
0,107,23,98
0,109,23,382
0,111,23,790
0,113,23,800
0,115,23,314
0,117,23,84
0,119,23,40
0,121,23,33
0,123,23,31
0,125,23,31
0,127,23,31
0,129,23,31
0,131,23,31
0,133,23,31
0,135,23,31
0,137,23,31
0,139,23,25
0,141,23,31
0,143,23,42
0,145,23,31
0,147,23,42
0,149,23,30
0,1,24,34
0,3,24,39
0,5,24,725
0,7,24,29
0,9,24,30
0,11,24,29
0,13,24,29
0,15,24,29
0,17,24,30
0,19,24,42
0,21,24,31
0,23,24,35
0,25,24,56
0,27,24,123
0,29,24,490
0,31,24,748
0,33,24,760
0,35,24,766
0,37,24,768
0,39,24,769
0,41,24,771
0,43,24,772
0,45,24,780
0,47,24,759
0,49,24,185
0,51,24,72
0,53,24,36
0,55,24,32
0,57,24,31
0,59,24,31
0,61,24,31
0,63,24,31
0,65,24,31
0,67,24,37
0,69,24,70
0,71,24,197
0,73,24,706
0,75,24,787
0,77,24,779
0,79,24,128
0,81,24,53
0,83,24,37
0,85,24,31
0,87,24,31
0,89,24,31
0,91,24,31
0,93,24,31
0,95,24,31
0,97,24,31
0,99,24,31
0,101,24,31
0,103,24,31
0,105,24,27
0,107,24,31
0,109,24,42
0,111,24,35
0,113,24,72
0,115,24,188
0,117,24,531
0,119,24,799
0,121,24,803
0,123,24,224
0,125,24,47
0,127,24,35
0,129,24,31
0,131,24,31
0,133,24,31
0,135,24,40
0,137,24,31
0,139,24,35
0,141,24,31
0,143,24,31
0,145,24,30
0,147,24,42
0,149,24,30
0,1,25,34
0,3,25,359
0,5,25,706
0,7,25,77
0,9,25,78
0,11,25,88
0,13,25,79
0,15,25,54
0,17,25,42
0,19,25,35
0,21,25,38
0,23,25,150
0,25,25,466
0,27,25,753
0,29,25,783
0,31,25,814
0,33,25,823
0,35,25,827
0,37,25,829
0,39,25,831
0,41,25,833
0,43,25,796
0,45,25,311
0,47,25,115
0,49,25,53
0,51,25,36
0,53,25,31
0,55,25,31
0,57,25,31
0,59,25,31
0,61,25,31
0,63,25,50
0,65,25,87
0,67,25,364
0,69,25,772
0,71,25,817
0,73,25,426
0,75,25,87
0,77,25,44
0,79,25,32
0,81,25,31
0,83,25,31
0,85,25,31
0,87,25,31
0,89,25,31
0,91,25,31
0,93,25,31
0,95,25,31
0,97,25,31
0,99,25,31
0,101,25,31
0,103,25,31
0,105,25,31
0,107,25,31
0,109,25,31
0,111,25,31
0,113,25,31
0,115,25,31
0,117,25,33
0,119,25,50
0,121,25,106
0,123,25,549
0,125,25,836
0,127,25,842
0,129,25,726
0,131,25,77
0,133,25,35
0,135,25,32
0,137,25,31
0,139,25,31
0,141,25,31
0,143,25,31
0,145,25,30
0,147,25,38
0,149,25,30
0,1,26,34
0,3,26,57
0,5,26,604
0,7,26,765
0,9,26,770
0,11,26,746
0,13,26,766
0,15,26,766
0,17,26,764
0,19,26,764
0,21,26,766
0,23,26,760
0,25,26,756
0,27,26,755
0,29,26,755
0,31,26,755
0,33,26,758
0,35,26,751
0,37,26,731
0,39,26,750
0,41,26,705
0,43,26,242
0,45,26,68
0,47,26,49
0,49,26,34
0,51,26,32
0,53,26,31
0,55,26,31
0,57,26,33
0,59,26,67
0,61,26,129
0,63,26,732
0,65,26,777
0,67,26,771
0,69,26,216
0,71,26,47
0,73,26,33
0,75,26,31
0,77,26,31
0,79,26,31
0,81,26,31
0,83,26,31
0,85,26,31
0,87,26,31
0,89,26,31
0,91,26,31
0,93,26,31
0,95,26,31
0,97,26,38
0,99,26,31
0,101,26,31
0,103,26,31
0,105,26,31
0,107,26,31
0,109,26,31
0,111,26,31
0,113,26,31
0,115,26,31
0,117,26,31
0,119,26,31
0,121,26,31
0,123,26,56
0,125,26,134
0,127,26,384
0,129,26,784
0,131,26,817
0,133,26,685
0,135,26,50
0,137,26,36
0,139,26,31
0,141,26,31
0,143,26,31
0,145,26,31
0,147,26,30
0,149,26,30
0,1,27,34
0,3,27,34
0,5,27,514
0,7,27,43
0,9,27,31
0,11,27,31
0,13,27,30
0,15,27,34
0,17,27,42
0,19,27,59
0,21,27,202
0,23,27,743
0,25,27,762
0,27,27,764
0,29,27,763
0,31,27,758
0,33,27,743
0,35,27,748
0,37,27,744
0,39,27,720
0,41,27,150
0,43,27,83
0,45,27,44
0,47,27,35
0,49,27,32
0,51,27,31
0,53,27,44
0,55,27,113
0,57,27,371
0,59,27,738
0,61,27,770
0,63,27,672
0,65,27,84
0,67,27,42
0,69,27,32
0,71,27,31
0,73,27,31
0,75,27,31
0,77,27,31
0,79,27,31
0,81,27,31
0,83,27,31
0,85,27,31
0,87,27,31
0,89,27,42
0,91,27,31
0,93,27,32
0,95,27,31
0,97,27,31
0,99,27,31
0,101,27,31
0,103,27,31
0,105,27,31
0,107,27,31
0,109,27,31
0,111,27,31
0,113,27,31
0,115,27,31
0,117,27,31
0,119,27,42
0,121,27,31
0,123,27,32
0,125,27,40
0,127,27,59
0,129,27,138
0,131,27,667
0,133,27,814
0,135,27,733
0,137,27,86
0,139,27,41
0,141,27,32
0,143,27,31
0,145,27,37
0,147,27,30
0,149,27,41
0,1,28,34
0,3,28,34
0,5,28,439
0,7,28,41
0,9,28,29
0,11,28,29
0,13,28,29
0,15,28,32
0,17,28,40
0,19,28,57
0,21,28,161
0,23,28,739
0,25,28,736
0,27,28,760
0,29,28,762
0,31,28,763
0,33,28,761
0,35,28,764
0,37,28,758
0,39,28,389
0,41,28,79
0,43,28,53
0,45,28,35
0,47,28,33
0,49,28,44
0,51,28,84
0,53,28,501
0,55,28,724
0,57,28,762
0,59,28,728
0,61,28,81
0,63,28,36
0,65,28,31
0,67,28,31
0,69,28,31
0,71,28,31
0,73,28,31
0,75,28,31
0,77,28,31
0,79,28,31
0,81,28,39
0,83,28,31
0,85,28,42
0,87,28,31
0,89,28,32
0,91,28,31
0,93,28,31
0,95,28,31
0,97,28,31
0,99,28,31
0,101,28,31
0,103,28,31
0,105,28,31
0,107,28,31
0,109,28,31
0,111,28,31
0,113,28,31
0,115,28,42
0,117,28,31
0,119,28,32
0,121,28,31
0,123,28,31
0,125,28,34
0,127,28,45
0,129,28,82
0,131,28,366
0,133,28,817
0,135,28,831
0,137,28,163
0,139,28,46
0,141,28,42
0,143,28,31
0,145,28,42
0,147,28,30
0,149,28,41
0,1,29,34
0,3,29,35
0,5,29,746
0,7,29,40
0,9,29,29
0,11,29,29
0,13,29,28
0,15,29,30
0,17,29,33
0,19,29,40
0,21,29,81
0,23,29,664
0,25,29,757
0,27,29,759
0,29,29,760
0,31,29,759
0,33,29,762
0,35,29,767
0,37,29,770
0,39,29,772
0,41,29,776
0,43,29,778
0,45,29,755
0,47,29,763
0,49,29,762
0,51,29,749
0,53,29,772
0,55,29,737
0,57,29,98
0,59,29,38
0,61,29,31
0,63,29,31
0,65,29,31
0,67,29,31
0,69,29,31
0,71,29,31
0,73,29,31
0,75,29,31
0,77,29,42
0,79,29,31
0,81,29,32
0,83,29,31
0,85,29,31
0,87,29,31
0,89,29,31
0,91,29,31
0,93,29,31
0,95,29,31
0,97,29,31
0,99,29,31
0,101,29,31
0,103,29,31
0,105,29,31
0,107,29,41
0,109,29,31
0,111,29,31
0,113,29,31
0,115,29,31
0,117,29,31
0,119,29,31
0,121,29,31
0,123,29,31
0,125,29,39
0,127,29,56
0,129,29,136
0,131,29,600
0,133,29,807
0,135,29,603
0,137,29,97
0,139,29,38
0,141,29,33
0,143,29,31
0,145,29,31
0,147,29,30
0,149,29,42
0,1,30,34
0,3,30,35
0,5,30,488
0,7,30,30
0,9,30,37
0,11,30,29
0,13,30,28
0,15,30,29
0,17,30,30
0,19,30,31
0,21,30,38
0,23,30,252
0,25,30,668
0,27,30,757
0,29,30,763
0,31,30,767
0,33,30,770
0,35,30,771
0,37,30,728
0,39,30,304
0,41,30,238
0,43,30,395
0,45,30,702
0,47,30,772
0,49,30,790
0,51,30,785
0,53,30,286
0,55,30,72
0,57,30,40
0,59,30,32
0,61,30,31
0,63,30,31
0,65,30,31
0,67,30,31
0,69,30,38
0,71,30,31
0,73,30,42
0,75,30,31
0,77,30,32
0,79,30,31
0,81,30,31
0,83,30,31
0,85,30,31
0,87,30,31
0,89,30,31
0,91,30,31
0,93,30,31
0,95,30,31
0,97,30,31
0,99,30,31
0,101,30,31
0,103,30,42
0,105,30,31
0,107,30,31
0,109,30,31
0,111,30,31
0,113,30,31
0,115,30,31
0,117,30,31
0,119,30,31
0,121,30,31
0,123,30,40
0,125,30,81
0,127,30,224
0,129,30,685
0,131,30,807
0,133,30,767
0,135,30,60
0,137,30,38
0,139,30,31
0,141,30,31
0,143,30,31
0,145,30,31
0,147,30,30
0,149,30,41
0,1,31,34
0,3,31,34
0,5,31,733
0,7,31,29
0,9,31,40
0,11,31,29
0,13,31,28
0,15,31,29
0,17,31,30
0,19,31,30
0,21,31,30
0,23,31,50
0,25,31,146
0,27,31,389
0,29,31,737
0,31,31,775
0,33,31,779
0,35,31,787
0,37,31,779
0,39,31,755
0,41,31,773
0,43,31,765
0,45,31,768
0,47,31,766
0,49,31,452
0,51,31,72
0,53,31,63
0,55,31,104
0,57,31,420
0,59,31,746
0,61,31,755
0,63,31,60
0,65,31,43
0,67,31,33
0,69,31,35
0,71,31,31
0,73,31,31
0,75,31,31
0,77,31,31
0,79,31,31
0,81,31,31
0,83,31,31
0,85,31,31
0,87,31,31
0,89,31,31
0,91,31,31
0,93,31,31
0,95,31,40
0,97,31,31
0,99,31,36
0,101,31,31
0,103,31,31
0,105,31,31
0,107,31,31
0,109,31,31
0,111,31,31
0,113,31,31
0,115,31,31
0,117,31,31
0,119,31,43
0,121,31,79
0,123,31,326
0,125,31,878
0,127,31,893
0,129,31,865
0,131,31,96
0,133,31,41
0,135,31,31
0,137,31,31
0,139,31,31
0,141,31,31
0,143,31,31
0,145,31,30
0,147,31,30
0,149,31,42
0,1,32,34
0,3,32,641
0,5,32,771
0,7,32,29
0,9,32,41
0,11,32,29
0,13,32,28
0,15,32,29
0,17,32,30
0,19,32,30
0,21,32,30
0,23,32,31
0,25,32,33
0,27,32,40
0,29,32,84
0,31,32,297
0,33,32,793
0,35,32,828
0,37,32,842
0,39,32,840
0,41,32,844
0,43,32,841
0,45,32,838
0,47,32,301
0,49,32,55
0,51,32,36
0,53,32,31
0,55,32,31
0,57,32,26
0,59,32,31
0,61,32,32
0,63,32,58
0,65,32,122
0,67,32,365
0,69,32,767
0,71,32,786
0,73,32,131
0,75,32,54
0,77,32,38
0,79,32,31
0,81,32,31
0,83,32,31
0,85,32,31
0,87,32,31
0,89,32,31
0,91,32,42
0,93,32,31
0,95,32,32
0,97,32,31
0,99,32,31
0,101,32,31
0,103,32,31
0,105,32,31
0,107,32,31
0,109,32,31
0,111,32,32
0,113,32,47
0,115,32,73
0,117,32,196
0,119,32,771
0,121,32,810
0,123,32,818
0,125,32,127
0,127,32,54
0,129,32,36
0,131,32,31
0,133,32,31
0,135,32,31
0,137,32,31
0,139,32,31
0,141,32,31
0,143,32,31
0,145,32,31
0,147,32,38
0,149,32,31
0,1,33,35
0,3,33,34
0,5,33,548
0,7,33,29
0,9,33,40
0,11,33,29
0,13,33,28
0,15,33,29
0,17,33,30
0,19,33,30
0,21,33,31
0,23,33,31
0,25,33,31
0,27,33,31
0,29,33,39
0,31,33,73
0,33,33,298
0,35,33,713
0,37,33,773
0,39,33,773
0,41,33,773
0,43,33,773
0,45,33,137
0,47,33,57
0,49,33,34
0,51,33,31
0,53,33,40
0,55,33,31
0,57,33,42
0,59,33,31
0,61,33,31
0,63,33,31
0,65,33,31
0,67,33,31
0,69,33,31
0,71,33,34
0,73,33,56
0,75,33,110
0,77,33,310
0,79,33,757
0,81,33,774
0,83,33,644
0,85,33,65
0,87,33,52
0,89,33,33
0,91,33,32
0,93,33,31
0,95,33,31
0,97,33,31
0,99,33,31
0,101,33,31
0,103,33,31
0,105,33,37
0,107,33,62
0,109,33,176
0,111,33,696
0,113,33,788
0,115,33,792
0,117,33,724
0,119,33,64
0,121,33,43
0,123,33,32
0,125,33,31
0,127,33,31
0,129,33,31
0,131,33,31
0,133,33,31
0,135,33,31
0,137,33,31
0,139,33,31
0,141,33,31
0,143,33,40
0,145,33,31
0,147,33,42
0,149,33,30
0,1,34,583
0,3,34,35
0,5,34,714
0,7,34,29
0,9,34,31
0,11,34,29
0,13,34,28
0,15,34,29
0,17,34,30
0,19,34,30
0,21,34,31
0,23,34,31
0,25,34,31
0,27,34,37
0,29,34,59
0,31,34,160
0,33,34,693
0,35,34,772
0,37,34,775
0,39,34,777
0,41,34,779
0,43,34,777
0,45,34,377
0,47,34,92
0,49,34,52
0,51,34,32
0,53,34,31
0,55,34,31
0,57,34,31
0,59,34,31
0,61,34,31
0,63,34,31
0,65,34,31
0,67,34,31
0,69,34,31
0,71,34,31
0,73,34,31
0,75,34,31
0,77,34,31
0,79,34,40
0,81,34,31
0,83,34,49
0,85,34,74
0,87,34,186
0,89,34,596
0,91,34,770
0,93,34,213
0,95,34,56
0,97,34,45
0,99,34,61
0,101,34,267
0,103,34,675
0,105,34,857
0,107,34,865
0,109,34,321
0,111,34,62
0,113,34,36
0,115,34,31
0,117,34,31
0,119,34,31
0,121,34,31
0,123,34,31
0,125,34,31
0,127,34,31
0,129,34,31
0,131,34,31
0,133,34,31
0,135,34,31
0,137,34,31
0,139,34,42
0,141,34,31
0,143,34,32
0,145,34,30
0,147,34,42
0,149,34,30
0,1,35,200
0,3,35,34
0,5,35,795
0,7,35,29
0,9,35,30
0,11,35,34
0,13,35,29
0,15,35,29
0,17,35,30
0,19,35,31
0,21,35,30
0,23,35,31
0,25,35,32
0,27,35,39
0,29,35,72
0,31,35,241
0,33,35,787
0,35,35,826
0,37,35,826
0,39,35,822
0,41,35,829
0,43,35,823
0,45,35,832
0,47,35,841
0,49,35,828
0,51,35,832
0,53,35,67
0,55,35,42
0,57,35,32
0,59,35,31
0,61,35,31
0,63,35,31
0,65,35,31
0,67,35,31
0,69,35,31
0,71,35,31
0,73,35,31
0,75,35,42
0,77,35,31
0,79,35,32
0,81,35,31
0,83,35,31
0,85,35,31
0,87,35,31
0,89,35,35
0,91,35,71
0,93,35,219
0,95,35,803
0,97,35,876
0,99,35,883
0,101,35,870
0,103,35,161
0,105,35,50
0,107,35,37
0,109,35,33
0,111,35,31
0,113,35,31
0,115,35,31
0,117,35,31
0,119,35,31
0,121,35,31
0,123,35,31
0,125,35,31
0,127,35,31
0,129,35,31
0,131,35,31
0,133,35,31
0,135,35,42
0,137,35,31
0,139,35,31
0,141,35,31
0,143,35,31
0,145,35,30
0,147,35,42
0,149,35,30
0,1,36,60
0,3,36,34
0,5,36,730
0,7,36,39
0,9,36,29
0,11,36,40
0,13,36,28
0,15,36,29
0,17,36,30
0,19,36,30
0,21,36,30
0,23,36,31
0,25,36,31
0,27,36,37
0,29,36,62
0,31,36,210
0,33,36,726
0,35,36,784
0,37,36,786
0,39,36,771
0,41,36,761
0,43,36,701
0,45,36,65
0,47,36,61
0,49,36,93
0,51,36,302
0,53,36,780
0,55,36,783
0,57,36,778
0,59,36,212
0,61,36,51
0,63,36,32
0,65,36,31
0,67,36,39
0,69,36,31
0,71,36,42
0,73,36,31
0,75,36,32
0,77,36,31
0,79,36,37
0,81,36,53
0,83,36,112
0,85,36,422
0,87,36,756
0,89,36,771
0,91,36,289
0,93,36,52
0,95,36,38
0,97,36,36
0,99,36,31
0,101,36,54
0,103,36,72
0,105,36,299
0,107,36,685
0,109,36,807
0,111,36,811
0,113,36,82
0,115,36,47
0,117,36,36
0,119,36,31
0,121,36,31
0,123,36,31
0,125,36,31
0,127,36,40
0,129,36,31
0,131,36,35
0,133,36,31
0,135,36,31
0,137,36,31
0,139,36,31
0,141,36,31
0,143,36,31
0,145,36,31
0,147,36,32
0,149,36,30
0,1,37,35
0,3,37,48
0,5,37,643
0,7,37,40
0,9,37,29
0,11,37,32
0,13,37,29
0,15,37,29
0,17,37,30
0,19,37,30
0,21,37,31
0,23,37,31
0,25,37,31
0,27,37,33
0,29,37,46
0,31,37,105
0,33,37,530
0,35,37,762
0,37,37,750
0,39,37,762
0,41,37,752
0,43,37,749
0,45,37,69
0,47,37,43
0,49,37,33
0,51,37,38
0,53,37,106
0,55,37,402
0,57,37,742
0,59,37,790
0,61,37,790
0,63,37,764
0,65,37,167
0,67,37,51
0,69,37,36
0,71,37,51
0,73,37,121
0,75,37,387
0,77,37,746
0,79,37,763
0,81,37,529
0,83,37,98
0,85,37,43
0,87,37,33
0,89,37,31
0,91,37,31
0,93,37,42
0,95,37,31
0,97,37,31
0,99,37,31
0,101,37,31
0,103,37,31
0,105,37,31
0,107,37,31
0,109,37,39
0,111,37,71
0,113,37,297
0,115,37,778
0,117,37,815
0,119,37,818
0,121,37,165
0,123,37,58
0,125,37,33
0,127,37,32
0,129,37,31
0,131,37,31
0,133,37,31
0,135,37,31
0,137,37,31
0,139,37,31
0,141,37,31
0,143,37,31
0,145,37,31
0,147,37,30
0,149,37,36
0,1,38,35
0,3,38,397
0,5,38,695
0,7,38,40
0,9,38,29
0,11,38,30
0,13,38,29
0,15,38,29
0,17,38,30
0,19,38,30
0,21,38,30
0,23,38,31
0,25,38,31
0,27,38,31
0,29,38,33
0,31,38,48
0,33,38,156
0,35,38,553
0,37,38,795
0,39,38,800
0,41,38,795
0,43,38,793
0,45,38,149
0,47,38,60
0,49,38,36
0,51,38,31
0,53,38,33
0,55,38,47
0,57,38,72
0,59,38,252
0,61,38,629
0,63,38,829
0,65,38,834
0,67,38,833
0,69,38,844
0,71,38,741
0,73,38,81
0,75,38,45
0,77,38,33
0,79,38,31
0,81,38,31
0,83,38,31
0,85,38,37
0,87,38,31
0,89,38,42
0,91,38,31
0,93,38,32
0,95,38,31
0,97,38,31
0,99,38,31
0,101,38,31
0,103,38,31
0,105,38,31
0,107,38,31
0,109,38,31
0,111,38,31
0,113,38,32
0,115,38,44
0,117,38,55
0,119,38,172
0,121,38,596
0,123,38,863
0,125,38,874
0,127,38,130
0,129,38,55
0,131,38,36
0,133,38,31
0,135,38,31
0,137,38,31
0,139,38,31
0,141,38,31
0,143,38,31
0,145,38,41
0,147,38,30
0,149,38,42
0,1,39,34
0,3,39,739
0,5,39,265
0,7,39,40
0,9,39,30
0,11,39,29
0,13,39,29
0,15,39,29
0,17,39,30
0,19,39,30
0,21,39,41
0,23,39,31
0,25,39,31
0,27,39,31
0,29,39,31
0,31,39,32
0,33,39,48
0,35,39,101
0,37,39,401
0,39,39,789
0,41,39,838
0,43,39,840
0,45,39,836
0,47,39,202
0,49,39,51
0,51,39,46
0,53,39,44
0,55,39,72
0,57,39,442
0,59,39,848
0,61,39,874
0,63,39,905
0,65,39,916
0,67,39,935
0,69,39,936
0,71,39,929
0,73,39,920
0,75,39,912
0,77,39,894
0,79,39,72
0,81,39,51
0,83,39,32
0,85,39,33
0,87,39,31
0,89,39,32
0,91,39,31
0,93,39,31
0,95,39,31
0,97,39,31
0,99,39,31
0,101,39,31
0,103,39,31
0,105,39,31
0,107,39,31
0,109,39,31
0,111,39,31
0,113,39,31
0,115,39,33
0,117,39,31
0,119,39,32
0,121,39,39
0,123,39,78
0,125,39,393
0,127,39,816
0,129,39,878
0,131,39,795
0,133,39,57
0,135,39,34
0,137,39,25
0,139,39,31
0,141,39,42
0,143,39,31
0,145,39,42
0,147,39,30
0,149,39,42
0,1,40,34
0,3,40,579
0,5,40,44
0,7,40,41
0,9,40,30
0,11,40,29
0,13,40,29
0,15,40,29
0,17,40,30
0,19,40,31
0,21,40,31
0,23,40,31
0,25,40,31
0,27,40,31
0,29,40,31
0,31,40,31
0,33,40,31
0,35,40,37
0,37,40,58
0,39,40,122
0,41,40,698
0,43,40,808
0,45,40,806
0,47,40,799
0,49,40,805
0,51,40,790
0,53,40,383
0,55,40,59
0,57,40,37
0,59,40,32
0,61,40,31
0,63,40,37
0,65,40,53
0,67,40,92
0,69,40,312
0,71,40,674
0,73,40,848
0,75,40,841
0,77,40,838
0,79,40,847
0,81,40,837
0,83,40,846
0,85,40,101
0,87,40,55
0,89,40,35
0,91,40,31
0,93,40,31
0,95,40,31
0,97,40,31
0,99,40,31
0,101,40,31
0,103,40,26
0,105,40,31
0,107,40,42
0,109,40,31
0,111,40,31
0,113,40,31
0,115,40,31
0,117,40,31
0,119,40,31
0,121,40,31
0,123,40,32
0,125,40,48
0,127,40,80
0,129,40,235
0,131,40,779
0,133,40,859
0,135,40,104
0,137,40,55
0,139,40,34
0,141,40,32
0,143,40,31
0,145,40,32
0,147,40,30
0,149,40,42
0,1,41,33
0,3,41,49
0,5,41,54
0,7,41,31
0,9,41,41
0,11,41,30
0,13,41,29
0,15,41,30
0,17,41,30
0,19,41,31
0,21,41,31
0,23,41,31
0,25,41,31
0,27,41,31
0,29,41,31
0,31,41,31
0,33,41,34
0,35,41,46
0,37,41,101
0,39,41,380
0,41,41,784
0,43,41,797
0,45,41,826
0,47,41,828
0,49,41,845
0,51,41,835
0,53,41,53
0,55,41,36
0,57,41,31
0,59,41,31
0,61,41,31
0,63,41,31
0,65,41,32
0,67,41,33
0,69,41,49
0,71,41,63
0,73,41,209
0,75,41,439
0,77,41,640
0,79,41,839
0,81,41,845
0,83,41,853
0,85,41,857
0,87,41,861
0,89,41,864
0,91,41,227
0,93,41,48
0,95,41,33
0,97,41,31
0,99,41,41
0,101,41,31
0,103,41,31
0,105,41,31
0,107,41,32
0,109,41,31
0,111,41,31
0,113,41,31
0,115,41,31
0,117,41,31
0,119,41,31
0,121,41,31
0,123,41,31
0,125,41,32
0,127,41,40
0,129,41,74
0,131,41,217
0,133,41,803
0,135,41,897
0,137,41,230
0,139,41,54
0,141,41,34
0,143,41,31
0,145,41,31
0,147,41,30
0,149,41,42
0,1,42,29
0,3,42,35
0,5,42,382
0,7,42,30
0,9,42,41
0,11,42,29
0,13,42,29
0,15,42,30
0,17,42,30
0,19,42,30
0,21,42,31
0,23,42,32
0,25,42,44
0,27,42,69
0,29,42,235
0,31,42,701
0,33,42,799
0,35,42,730
0,37,42,117
0,39,42,49
0,41,42,33
0,43,42,35
0,45,42,72
0,47,42,160
0,49,42,708
0,51,42,873
0,53,42,857
0,55,42,171
0,57,42,47
0,59,42,33
0,61,42,31
0,63,42,31
0,65,42,42
0,67,42,31
0,69,42,32
0,71,42,34
0,73,42,41
0,75,42,54
0,77,42,89
0,79,42,292
0,81,42,557
0,83,42,806
0,85,42,876
0,87,42,881
0,89,42,884
0,91,42,890
0,93,42,892
0,95,42,888
0,97,42,157
0,99,42,50
0,101,42,35
0,103,42,31
0,105,42,31
0,107,42,31
0,109,42,31
0,111,42,31
0,113,42,31
0,115,42,31
0,117,42,31
0,119,42,31
0,121,42,36
0,123,42,31
0,125,42,43
0,127,42,38
0,129,42,57
0,131,42,164
0,133,42,711
0,135,42,824
0,137,42,750
0,139,42,68
0,141,42,38
0,143,42,31
0,145,42,31
0,147,42,31
0,149,42,32
0,1,43,58
0,3,43,34
0,5,43,35
0,7,43,29
0,9,43,41
0,11,43,29
0,13,43,29
0,15,43,32
0,17,43,43
0,19,43,70
0,21,43,251
0,23,43,705
0,25,43,723
0,27,43,617
0,29,43,78
0,31,43,42
0,33,43,32
0,35,43,32
0,37,43,31
0,39,43,32
0,41,43,31
0,43,43,31
0,45,43,32
0,47,43,33
0,49,43,54
0,51,43,129
0,53,43,738
0,55,43,778
0,57,43,789
0,59,43,194
0,61,43,53
0,63,43,32
0,65,43,32
0,67,43,31
0,69,43,32
0,71,43,31
0,73,43,32
0,75,43,33
0,77,43,36
0,79,43,48
0,81,43,74
0,83,43,174
0,85,43,427
0,87,43,585
0,89,43,774
0,91,43,794
0,93,43,810
0,95,43,807
0,97,43,814
0,99,43,813
0,101,43,816
0,103,43,54
0,105,43,41
0,107,43,32
0,109,43,31
0,111,43,31
0,113,43,31
0,115,43,31
0,117,43,41
0,119,43,31
0,121,43,34
0,123,43,31
0,125,43,38
0,127,43,49
0,129,43,104
0,131,43,452
0,133,43,792
0,135,43,807
0,137,43,159
0,139,43,48
0,141,43,34
0,143,43,31
0,145,43,30
0,147,43,42
0,149,43,31
0,1,44,468
0,3,44,35
0,5,44,34
0,7,44,310
0,9,44,298
0,11,44,290
0,13,44,285
0,15,44,627
0,17,44,737
0,19,44,743
0,21,44,201
0,23,44,49
0,25,44,33
0,27,44,31
0,29,44,31
0,31,44,31
0,33,44,31
0,35,44,32
0,37,44,31
0,39,44,31
0,41,44,31
0,43,44,31
0,45,44,31
0,47,44,31
0,49,44,31
0,51,44,32
0,53,44,77
0,55,44,172
0,57,44,706
0,59,44,783
0,61,44,786
0,63,44,69
0,65,44,43
0,67,44,33
0,69,44,31
0,71,44,31
0,73,44,31
0,75,44,31
0,77,44,31
0,79,44,33
0,81,44,37
0,83,44,55
0,85,44,69
0,87,44,122
0,89,44,366
0,91,44,613
0,93,44,794
0,95,44,803
0,97,44,808
0,99,44,811
0,101,44,813
0,103,44,814
0,105,44,814
0,107,44,132
0,109,44,47
0,111,44,36
0,113,44,42
0,115,44,31
0,117,44,32
0,119,44,31
0,121,44,31
0,123,44,40
0,125,44,82
0,127,44,204
0,129,44,641
0,131,44,784
0,133,44,796
0,135,44,77
0,137,44,45
0,139,44,42
0,141,44,31
0,143,44,34
0,145,44,31
0,147,44,42
0,149,44,31
0,1,45,669
0,3,45,288
0,5,45,35
0,7,45,60
0,9,45,61
0,11,45,59
0,13,45,59
0,15,45,43
0,17,45,33
0,19,45,31
0,21,45,31
0,23,45,31
0,25,45,31
0,27,45,31
0,29,45,31
0,31,45,31
0,33,45,31
0,35,45,32
0,37,45,31
0,39,45,31
0,41,45,31
0,43,45,31
0,45,45,42
0,47,45,32
0,49,45,35
0,51,45,31
0,53,45,32
0,55,45,31
0,57,45,36
0,59,45,57
0,61,45,206
0,63,45,771
0,65,45,794
0,67,45,795
0,69,45,146
0,71,45,47
0,73,45,32
0,75,45,40
0,77,45,31
0,79,45,35
0,81,45,32
0,83,45,32
0,85,45,35
0,87,45,38
0,89,45,45
0,91,45,106
0,93,45,406
0,95,45,505
0,97,45,671
0,99,45,789
0,101,45,799
0,103,45,803
0,105,45,809
0,107,45,802
0,109,45,765
0,111,45,796
0,113,45,63
0,115,45,43
0,117,45,48
0,119,45,105
0,121,45,313
0,123,45,756
0,125,45,786
0,127,45,794
0,129,45,136
0,131,45,53
0,133,45,33
0,135,45,38
0,137,45,31
0,139,45,32
0,141,45,31
0,143,45,31
0,145,45,31
0,147,45,61
0,149,45,30
0,1,46,770
0,3,46,643
0,5,46,33
0,7,46,36
0,9,46,30
0,11,46,108
0,13,46,72
0,15,46,30
0,17,46,30
0,19,46,30
0,21,46,30
0,23,46,31
0,25,46,31
0,27,46,32
0,29,46,31
0,31,46,31
0,33,46,31
0,35,46,31
0,37,46,37
0,39,46,31
0,41,46,40
0,43,46,31
0,45,46,32
0,47,46,31
0,49,46,31
0,51,46,31
0,53,46,31
0,55,46,31
0,57,46,31
0,59,46,31
0,61,46,38
0,63,46,86
0,65,46,239
0,67,46,749
0,69,46,799
0,71,46,795
0,73,46,92
0,75,46,50
0,77,46,35
0,79,46,31
0,81,46,31
0,83,46,31
0,85,46,32
0,87,46,34
0,89,46,37
0,91,46,54
0,93,46,116
0,95,46,315
0,97,46,474
0,99,46,629
0,101,46,776
0,103,46,784
0,105,46,788
0,107,46,790
0,109,46,792
0,111,46,800
0,113,46,802
0,115,46,796
0,117,46,791
0,119,46,790
0,121,46,731
0,123,46,74
0,125,46,40
0,127,46,40
0,129,46,31
0,131,46,34
0,133,46,31
0,135,46,31
0,137,46,31
0,139,46,31
0,141,46,31
0,143,46,35
0,145,46,30
0,147,46,31
0,149,46,30
0,1,47,700
0,3,47,149
0,5,47,34
0,7,47,624
0,9,47,739
0,11,47,727
0,13,47,742
0,15,47,683
0,17,47,111
0,19,47,55
0,21,47,39
0,23,47,32
0,25,47,31
0,27,47,31
0,29,47,31
0,31,47,31
0,33,47,31
0,35,47,31
0,37,47,32
0,39,47,31
0,41,47,31
0,43,47,31
0,45,47,31
0,47,47,31
0,49,47,31
0,51,47,31
0,53,47,35
0,55,47,50
0,57,47,137
0,59,47,601
0,61,47,794
0,63,47,802
0,65,47,198
0,67,47,56
0,69,47,35
0,71,47,31
0,73,47,31
0,75,47,31
0,77,47,31
0,79,47,31
0,81,47,33
0,83,47,35
0,85,47,50
0,87,47,75
0,89,47,536
0,91,47,841
0,93,47,804
0,95,47,31
0,97,47,32
0,99,47,31
0,101,47,31
0,103,47,31
0,105,47,31
0,107,47,29
0,109,47,30
0,111,47,30
0,113,47,29
0,115,47,30
0,117,47,30
0,119,47,41
0,121,47,73
0,123,47,354
0,125,47,834
0,127,47,823
0,129,47,811
0,131,47,63
0,133,47,36
0,135,47,29
0,137,47,29
0,139,47,29
0,141,47,30
0,143,47,29
0,145,47,29
0,147,47,29
0,149,47,24