0,1,0,44
0,3,0,31
0,5,0,30
0,7,0,30
0,9,0,31
0,11,0,31
0,13,0,31
0,15,0,31
0,17,0,32
0,19,0,32
0,21,0,32
0,23,0,32
0,25,0,32
0,27,0,32
0,29,0,32
0,31,0,32
0,33,0,32
0,35,0,32
0,37,0,32
0,39,0,32
0,41,0,32
0,43,0,32
0,45,0,41
0,47,0,67
0,49,0,223
0,51,0,643
0,53,0,778
0,55,0,794
0,57,0,815
0,59,0,814
0,61,0,804
0,63,0,784
0,65,0,801
0,67,0,821
0,69,0,816
0,71,0,98
0,73,0,39
0,75,0,32
0,77,0,32
0,79,0,32
0,81,0,32
0,83,0,32
0,85,0,32
0,87,0,32
0,89,0,32
0,91,0,32
0,93,0,32
0,95,0,32
0,97,0,36
0,99,0,49
0,101,0,125
0,103,0,594
0,105,0,812
0,107,0,269
0,109,0,65
0,111,0,37
0,113,0,32
0,115,0,32
0,117,0,32
0,119,0,32
0,121,0,42
0,123,0,44
0,125,0,38
0,127,0,33
0,129,0,32
0,131,0,32
0,133,0,32
0,135,0,32
0,137,0,32
0,139,0,32
0,141,0,32
0,143,0,32
0,145,0,31
0,147,0,31
0,149,0,36
0,1,1,36
0,3,1,150
0,5,1,37
0,7,1,63
0,9,1,722
0,11,1,35
0,13,1,40
0,15,1,44
0,17,1,45
0,19,1,29
0,21,1,30
0,23,1,31
0,25,1,31
0,27,1,32
0,29,1,32
0,31,1,32
0,33,1,32
0,35,1,32
0,37,1,32
0,39,1,32
0,41,1,33
0,43,1,41
0,45,1,79
0,47,1,269
0,49,1,644
0,51,1,756
0,53,1,767
0,55,1,772
0,57,1,776
0,59,1,778
0,61,1,782
0,63,1,786
0,65,1,792
0,67,1,791
0,69,1,85
0,71,1,43
0,73,1,33
0,75,1,39
0,77,1,43
0,79,1,44
0,81,1,35
0,83,1,33
0,85,1,32
0,87,1,32
0,89,1,32
0,91,1,32
0,93,1,32
0,95,1,32
0,97,1,34
0,99,1,47
0,101,1,110
0,103,1,523
0,105,1,788
0,107,1,274
0,109,1,62
0,111,1,37
0,113,1,32
0,115,1,32
0,117,1,32
0,119,1,32
0,121,1,32
0,123,1,32
0,125,1,32
0,127,1,32
0,129,1,32
0,131,1,31
0,133,1,32
0,135,1,32
0,137,1,36
0,139,1,42
0,141,1,44
0,143,1,34
0,145,1,44
0,147,1,44
0,149,1,44
0,1,2,37
0,3,2,55
0,5,2,37
0,7,2,41
0,9,2,733
0,11,2,36
0,13,2,31
0,15,2,31
0,17,2,31
0,19,2,30
0,21,2,30
0,23,2,31
0,25,2,31
0,27,2,31
0,29,2,39
0,31,2,43
0,33,2,44
0,35,2,38
0,37,2,33
0,39,2,32
0,41,2,38
0,43,2,55
0,45,2,165
0,47,2,571
0,49,2,750
0,51,2,768
0,53,2,774
0,55,2,778
0,57,2,782
0,59,2,786
0,61,2,793
0,63,2,799
0,65,2,807
0,67,2,546
0,69,2,59
0,71,2,36
0,73,2,32
0,75,2,32
0,77,2,32
0,79,2,32
0,81,2,32
0,83,2,32
0,85,2,32
0,87,2,32
0,89,2,32
0,91,2,32
0,93,2,37
0,95,2,43
0,97,2,48
0,99,2,58
0,101,2,169
0,103,2,623
0,105,2,791
0,107,2,128
0,109,2,53
0,111,2,34
0,113,2,32
0,115,2,32
0,117,2,32
0,119,2,32
0,121,2,32
0,123,2,32
0,125,2,32
0,127,2,32
0,129,2,32
0,131,2,32
0,133,2,32
0,135,2,32
0,137,2,32
0,139,2,32
0,141,2,32
0,143,2,32
0,145,2,31
0,147,2,31
0,149,2,31
0,1,3,37
0,3,3,38
0,5,3,36
0,7,3,37
0,9,3,735
0,11,3,37
0,13,3,33
0,15,3,32
0,17,3,31
0,19,3,31
0,21,3,30
0,23,3,31
0,25,3,31
0,27,3,32
0,29,3,32
0,31,3,32
0,33,3,32
0,35,3,32
0,37,3,32
0,39,3,34
0,41,3,50
0,43,3,88
0,45,3,374
0,47,3,734
0,49,3,791
0,51,3,783
0,53,3,759
0,55,3,772
0,57,3,785
0,59,3,795
0,61,3,803
0,63,3,811
0,65,3,818
0,67,3,204
0,69,3,53
0,71,3,34
0,73,3,32
0,75,3,32
0,77,3,32
0,79,3,32
0,81,3,32
0,83,3,32
0,85,3,32
0,87,3,32
0,89,3,32
0,91,3,32
0,93,3,32
0,95,3,33
0,97,3,47
0,99,3,93
0,101,3,378
0,103,3,775
0,105,3,236
0,107,3,68
0,109,3,42
0,111,3,38
0,113,3,42
0,115,3,43
0,117,3,34
0,119,3,32
0,121,3,32
0,123,3,31
0,125,3,31
0,127,3,31
0,129,3,31
0,131,3,31
0,133,3,31
0,135,3,31
0,137,3,31
0,139,3,31
0,141,3,31
0,143,3,31
0,145,3,31
0,147,3,30
0,149,3,31
0,1,4,32
0,3,4,36
0,5,4,34
0,7,4,41
0,9,4,709
0,11,4,34
0,13,4,38
0,15,4,40
0,17,4,30
0,19,4,29
0,21,4,30
0,23,4,30
0,25,4,31
0,27,4,31
0,29,4,31
0,31,4,31
0,33,4,31
0,35,4,31
0,37,4,33
0,39,4,46
0,41,4,101
0,43,4,323
0,45,4,708
0,47,4,738
0,49,4,743
0,51,4,746
0,53,4,749
0,55,4,753
0,57,4,756
0,59,4,761
0,61,4,765
0,63,4,771
0,65,4,787
0,67,4,125
0,69,4,53
0,71,4,35
0,73,4,32
0,75,4,31
0,77,4,31
0,79,4,31
0,81,4,31
0,83,4,31
0,85,4,31
0,87,4,31
0,89,4,31
0,91,4,31
0,93,4,33
0,95,4,51
0,97,4,126
0,99,4,432
0,101,4,741
0,103,4,187
0,105,4,48
0,107,4,34
0,109,4,31
0,111,4,31
0,113,4,31
0,115,4,31
0,117,4,31
0,119,4,31
0,121,4,31
0,123,4,31
0,125,4,31
0,127,4,28
0,129,4,38
0,131,4,40
0,133,4,37
0,135,4,32
0,137,4,31
0,139,4,31
0,141,4,31
0,143,4,31
0,145,4,31
0,147,4,38
0,149,4,40
0,1,5,34
0,3,5,34
0,5,5,34
0,7,5,36
0,9,5,707
0,11,5,34
0,13,5,29
0,15,5,30
0,17,5,30
0,19,5,30
0,21,5,38
0,23,5,39
0,25,5,37
0,27,5,31
0,29,5,32
0,31,5,32
0,33,5,31
0,35,5,32
0,37,5,38
0,39,5,57
0,41,5,181
0,43,5,594
0,45,5,745
0,47,5,767
0,49,5,782
0,51,5,781
0,53,5,766
0,55,5,759
0,57,5,764
0,59,5,769
0,61,5,776
0,63,5,783
0,65,5,782
0,67,5,86
0,69,5,40
0,71,5,32
0,73,5,31
0,75,5,31
0,77,5,31
0,79,5,31
0,81,5,31
0,83,5,34
0,85,5,39
0,87,5,40
0,89,5,35
0,91,5,33
0,93,5,46
0,95,5,125
0,97,5,470
0,99,5,741
0,101,5,381
0,103,5,57
0,105,5,34
0,107,5,31
0,109,5,31
0,111,5,31
0,113,5,31
0,115,5,31
0,117,5,31
0,119,5,31
0,121,5,31
0,123,5,31
0,125,5,31
0,127,5,31
0,129,5,31
0,131,5,31
0,133,5,31
0,135,5,31
0,137,5,31
0,139,5,31
0,141,5,31
0,143,5,31
0,145,5,34
0,147,5,39
0,149,5,40
0,1,6,35
0,3,6,34
0,5,6,46
0,7,6,34
0,9,6,698
0,11,6,45
0,13,6,30
0,15,6,30
0,17,6,30
0,19,6,30
0,21,6,29
0,23,6,30
0,25,6,31
0,27,6,31
0,29,6,31
0,31,6,31
0,33,6,31
0,35,6,34
0,37,6,44
0,39,6,95
0,41,6,373
0,43,6,684
0,45,6,710
0,47,6,722
0,49,6,733
0,51,6,738
0,53,6,743
0,55,6,748
0,57,6,752
0,59,6,756
0,61,6,761
0,63,6,765
0,65,6,759
0,67,6,79
0,69,6,41
0,71,6,32
0,73,6,31
0,75,6,31
0,77,6,31
0,79,6,31
0,81,6,31
0,83,6,31
0,85,6,31
0,87,6,31
0,89,6,32
0,91,6,46
0,93,6,148
0,95,6,587
0,97,6,740
0,99,6,505
0,101,6,65
0,103,6,43
0,105,6,40
0,107,6,33
0,109,6,32
0,111,6,31
0,113,6,31
0,115,6,31
0,117,6,31
0,119,6,31
0,121,6,31
0,123,6,31
0,125,6,31
0,127,6,31
0,129,6,31
0,131,6,31
0,133,6,31
0,135,6,31
0,137,6,31
0,139,6,31
0,141,6,31
0,143,6,31
0,145,6,31
0,147,6,30
0,149,6,30
0,1,7,34
0,3,7,34
0,5,7,35
0,7,7,52
0,9,7,702
0,11,7,36
0,13,7,39
0,15,7,32
0,17,7,30
0,19,7,29
0,21,7,29
0,23,7,30
0,25,7,30
0,27,7,31
0,29,7,31
0,31,7,31
0,33,7,32
0,35,7,43
0,37,7,70
0,39,7,215
0,41,7,628
0,43,7,721
0,45,7,728
0,47,7,730
0,49,7,732
0,51,7,734
0,53,7,738
0,55,7,757
0,57,7,750
0,59,7,740
0,61,7,727
0,63,7,742
0,65,7,746
0,67,7,95
0,69,7,42
0,71,7,32
0,73,7,31
0,75,7,31
0,77,7,31
0,79,7,31
0,81,7,31
0,83,7,31
0,85,7,31
0,87,7,32
0,89,7,46
0,91,7,123
0,93,7,611
0,95,7,741
0,97,7,150
0,99,7,53
0,101,7,34
0,103,7,31
0,105,7,31
0,107,7,31
0,109,7,31
0,111,7,31
0,113,7,31
0,115,7,31
0,117,7,28
0,119,7,38
0,121,7,40
0,123,7,37
0,125,7,32
0,127,7,31
0,129,7,31
0,131,7,31
0,133,7,31
0,135,7,31
0,137,7,31
0,139,7,31
0,141,7,31
0,143,7,31
0,145,7,30
0,147,7,30
0,149,7,32
0,1,8,34
0,3,8,34
0,5,8,503
0,7,8,40
0,9,8,697
0,11,8,48
0,13,8,37
0,15,8,40
0,17,8,40
0,19,8,29
0,21,8,30
0,23,8,30
0,25,8,30
0,27,8,31
0,29,8,31
0,31,8,31
0,33,8,37
0,35,8,62
0,37,8,145
0,39,8,499
0,41,8,709
0,43,8,722
0,45,8,726
0,47,8,728
0,49,8,731
0,51,8,734
0,53,8,738
0,55,8,742
0,57,8,746
0,59,8,749
0,61,8,753
0,63,8,756
0,65,8,738
0,67,8,105
0,69,8,44
0,71,8,29
0,73,8,38
0,75,8,40
0,77,8,39
0,79,8,33
0,81,8,32
0,83,8,36
0,85,8,60
0,87,8,153
0,89,8,524
0,91,8,716
0,93,8,176
0,95,8,49
0,97,8,34
0,99,8,31
0,101,8,31
0,103,8,31
0,105,8,31
0,107,8,31
0,109,8,31
0,111,8,31
0,113,8,31
0,115,8,31
0,117,8,31
0,119,8,31
0,121,8,31
0,123,8,31
0,125,8,31
0,127,8,31
0,129,8,31
0,131,8,31
0,133,8,31
0,135,8,36
0,137,8,39
0,139,8,41
0,141,8,32
0,143,8,31
0,145,8,36
0,147,8,40
0,149,8,40
0,1,9,34
0,3,9,35
0,5,9,270
0,7,9,36
0,9,9,691
0,11,9,68
0,13,9,30
0,15,9,31
0,17,9,30
0,19,9,30
0,21,9,30
0,23,9,30
0,25,9,30
0,27,9,31
0,29,9,40
0,31,9,45
0,33,9,42
0,35,9,76
0,37,9,207
0,39,9,583
0,41,9,711
0,43,9,719
0,45,9,723
0,47,9,726
0,49,9,728
0,51,9,732
0,53,9,735
0,55,9,740
0,57,9,743
0,59,9,747
0,61,9,750
0,63,9,753
0,65,9,694
0,67,9,83
0,69,9,43
0,71,9,32
0,73,9,31
0,75,9,31
0,77,9,31
0,79,9,32
0,81,9,51
0,83,9,92
0,85,9,326
0,87,9,652
0,89,9,731
0,91,9,191
0,93,9,54
0,95,9,36
0,97,9,32
0,99,9,31
0,101,9,31
0,103,9,31
0,105,9,31
0,107,9,31
0,109,9,31
0,111,9,31
0,113,9,31
0,115,9,31
0,117,9,31
0,119,9,31
0,121,9,31
0,123,9,31
0,125,9,31
0,127,9,31
0,129,9,31
0,131,9,31
0,133,9,31
0,135,9,31
0,137,9,31
0,139,9,31
0,141,9,31
0,143,9,31
0,145,9,31
0,147,9,30
0,149,9,30
0,1,10,35
0,3,10,34
0,5,10,42
0,7,10,34
0,9,10,684
0,11,10,194
0,13,10,30
0,15,10,30
0,17,10,30
0,19,10,30
0,21,10,29
0,23,10,30
0,25,10,30
0,27,10,31
0,29,10,31
0,31,10,33
0,33,10,49
0,35,10,119
0,37,10,369
0,39,10,640
0,41,10,727
0,43,10,723
0,45,10,712
0,47,10,695
0,49,10,715
0,51,10,724
0,53,10,731
0,55,10,737
0,57,10,740
0,59,10,744
0,61,10,747
0,63,10,749
0,65,10,731
0,67,10,80
0,69,10,42
0,71,10,32
0,73,10,31
0,75,10,32
0,77,10,38
0,79,10,70
0,81,10,303
0,83,10,600
0,85,10,703
0,87,10,626
0,89,10,69
0,91,10,37
0,93,10,32
0,95,10,31
0,97,10,31
0,99,10,28
0,101,10,39
0,103,10,41
0,105,10,35
0,107,10,32
0,109,10,31
0,111,10,31
0,113,10,31
0,115,10,31
0,117,10,31
0,119,10,31
0,121,10,31
0,123,10,31
0,125,10,31
0,127,10,31
0,129,10,31
0,131,10,31
0,133,10,31
0,135,10,31
0,137,10,31
0,139,10,31
0,141,10,31
0,143,10,31
0,145,10,31
0,147,10,30
0,149,10,30
0,1,11,34
0,3,11,35
0,5,11,35
0,7,11,35
0,9,11,683
0,11,11,402
0,13,11,37
0,15,11,31
0,17,11,30
0,19,11,30
0,21,11,30
0,23,11,30
0,25,11,30
0,27,11,31
0,29,11,31
0,31,11,34
0,33,11,54
0,35,11,140
0,37,11,425
0,39,11,693
0,41,11,716
0,43,11,720
0,45,11,723
0,47,11,740
0,49,11,732
0,51,11,720
0,53,11,710
0,55,11,725
0,57,11,733
0,59,11,739
0,61,11,742
0,63,11,743
0,65,11,722
0,67,11,82
0,69,11,41
0,71,11,32
0,73,11,36
0,75,11,60
0,77,11,135
0,79,11,523
0,81,11,682
0,83,11,705
0,85,11,90
0,87,11,46
0,89,11,33
0,91,11,31
0,93,11,31
0,95,11,31
0,97,11,31
0,99,11,31
0,101,11,31
0,103,11,31
0,105,11,28
0,107,11,38
0,109,11,41
0,111,11,35
0,113,11,32
0,115,11,31
0,117,11,31
0,119,11,31
0,121,11,31
0,123,11,31
0,125,11,31
0,127,11,31
0,129,11,31
0,131,11,31
0,133,11,31
0,135,11,31
0,137,11,31
0,139,11,31
0,141,11,31
0,143,11,31
0,145,11,30
0,147,11,30
0,149,11,30
0,1,12,35
0,3,12,34
0,5,12,35
0,7,12,53
0,9,12,692
0,11,12,62
0,13,12,39
0,15,12,33
0,17,12,30
0,19,12,29
0,21,12,30
0,23,12,30
0,25,12,30
0,27,12,31
0,29,12,31
0,31,12,34
0,33,12,51
0,35,12,149
0,37,12,428
0,39,12,689
0,41,12,713
0,43,12,717
0,45,12,720
0,47,12,722
0,49,12,724
0,51,12,726
0,53,12,745
0,55,12,739
0,57,12,726
0,59,12,708
0,61,12,721
0,63,12,728
0,65,12,700
0,67,12,78
0,69,12,42
0,71,12,47
0,73,12,127
0,75,12,483
0,77,12,657
0,79,12,690
0,81,12,99
0,83,12,49
0,85,12,34
0,87,12,31
0,89,12,31
0,91,12,31
0,93,12,31
0,95,12,31
0,97,12,31
0,99,12,31
0,101,12,31
0,103,12,31
0,105,12,31
0,107,12,31
0,109,12,31
0,111,12,31
0,113,12,37
0,115,12,40
0,117,12,38
0,119,12,33
0,121,12,31
0,123,12,31
0,125,12,31
0,127,12,31
0,129,12,31
0,131,12,31
0,133,12,31
0,135,12,31
0,137,12,31
0,139,12,31
0,141,12,31
0,143,12,31
0,145,12,31
0,147,12,30
0,149,12,30
0,1,13,32
0,3,13,33
0,5,13,35
0,7,13,584
0,9,13,703
0,11,13,59
0,13,13,39
0,15,13,41
0,17,13,30
0,19,13,29
0,21,13,30
0,23,13,30
0,25,13,30
0,27,13,31
0,29,13,31
0,31,13,32
0,33,13,46
0,35,13,116
0,37,13,316
0,39,13,657
0,41,13,711
0,43,13,716
0,45,13,719
0,47,13,721
0,49,13,722
0,51,13,722
0,53,13,723
0,55,13,724
0,57,13,726
0,59,13,739
0,61,13,737
0,63,13,726
0,65,13,701
0,67,13,702
0,69,13,692
0,71,13,681
0,73,13,686
0,75,13,132
0,77,13,54
0,79,13,34
0,81,13,31
0,83,13,31
0,85,13,31
0,87,13,31
0,89,13,31
0,91,13,31
0,93,13,31
0,95,13,31
0,97,13,31
0,99,13,31
0,101,13,31
0,103,13,31
0,105,13,31
0,107,13,31
0,109,13,31
0,111,13,31
0,113,13,31
0,115,13,31
0,117,13,31
0,119,13,36
0,121,13,40
0,123,13,39
0,125,13,32
0,127,13,31
0,129,13,31
0,131,13,31
0,133,13,31
0,135,13,31
0,137,13,31
0,139,13,31
0,141,13,31
0,143,13,31
0,145,13,30
0,147,13,30
0,149,13,31
0,1,14,34
0,3,14,35
0,5,14,35
0,7,14,156
0,9,14,689
0,11,14,47
0,13,14,39
0,15,14,41
0,17,14,32
0,19,14,29
0,21,14,30
0,23,14,30
0,25,14,30
0,27,14,30
0,29,14,31
0,31,14,31
0,33,14,36
0,35,14,63
0,37,14,144
0,39,14,458
0,41,14,699
0,43,14,710
0,45,14,713
0,47,14,713
0,49,14,713
0,51,14,714
0,53,14,716
0,55,14,718
0,57,14,721
0,59,14,725
0,61,14,729
0,63,14,733
0,65,14,740
0,67,14,751
0,69,14,505
0,71,14,65
0,73,14,37
0,75,14,32
0,77,14,31
0,79,14,31
0,81,14,31
0,83,14,31
0,85,14,31
0,87,14,31
0,89,14,31
0,91,14,31
0,93,14,31
0,95,14,31
0,97,14,31
0,99,14,31
0,101,14,31
0,103,14,31
0,105,14,31
0,107,14,31
0,109,14,31
0,111,14,31
0,113,14,31
0,115,14,31
0,117,14,31
0,119,14,31
0,121,14,31
0,123,14,31
0,125,14,34
0,127,14,39
0,129,14,40
0,131,14,33
0,133,14,31
0,135,14,31
0,137,14,31
0,139,14,31
0,141,14,31
0,143,14,31
0,145,14,30
0,147,14,31
0,149,14,42
0,1,15,34
0,3,15,34
0,5,15,35
0,7,15,42
0,9,15,680
0,11,15,40
0,13,15,28
0,15,15,38
0,17,15,40
0,19,15,29
0,21,15,30
0,23,15,30
0,25,15,30
0,27,15,31
0,29,15,31
0,31,15,31
0,33,15,32
0,35,15,45
0,37,15,76
0,39,15,226
0,41,15,643
0,43,15,707
0,45,15,711
0,47,15,712
0,49,15,714
0,51,15,715
0,53,15,717
0,55,15,721
0,57,15,725
0,59,15,728
0,61,15,732
0,63,15,736
0,65,15,727
0,67,15,85
0,69,15,45
0,71,15,32
0,73,15,34
0,75,15,40
0,77,15,41
0,79,15,33
0,81,15,32
0,83,15,32
0,85,15,31
0,87,15,31
0,89,15,31
0,91,15,31
0,93,15,31
0,95,15,31
0,97,15,31
0,99,15,31
0,101,15,31
0,103,15,31
0,105,15,31
0,107,15,31
0,109,15,31
0,111,15,31
0,113,15,31
0,115,15,31
0,117,15,31
0,119,15,31
0,121,15,31
0,123,15,31
0,125,15,31
0,127,15,31
0,129,15,31
0,131,15,30
0,133,15,38
0,135,15,40
0,137,15,37
0,139,15,32
0,141,15,31
0,143,15,31
0,145,15,31
0,147,15,41
0,149,15,41
0,1,16,35
0,3,16,34
0,5,16,35
0,7,16,38
0,9,16,679
0,11,16,36
0,13,16,30
0,15,16,30
0,17,16,30
0,19,16,30
0,21,16,32
0,23,16,30
0,25,16,30
0,27,16,31
0,29,16,32
0,31,16,31
0,33,16,31
0,35,16,36
0,37,16,49
0,39,16,98
0,41,16,428
0,43,16,692
0,45,16,708
0,47,16,711
0,49,16,714
0,51,16,717
0,53,16,720
0,55,16,724
0,57,16,727
0,59,16,730
0,61,16,734
0,63,16,739
0,65,16,713
0,67,16,83
0,69,16,42
0,71,16,32
0,73,16,31
0,75,16,31
0,77,16,31
0,79,16,31
0,81,16,36
0,83,16,40
0,85,16,43
0,87,16,43
0,89,16,31
0,91,16,31
0,93,16,31
0,95,16,31
0,97,16,31
0,99,16,31
0,101,16,31
0,103,16,31
0,105,16,31
0,107,16,31
0,109,16,31
0,111,16,31
0,113,16,31
0,115,16,31
0,117,16,31
0,119,16,31
0,121,16,31
0,123,16,31
0,125,16,31
0,127,16,31
0,129,16,31
0,131,16,31
0,133,16,30
0,135,16,31
0,137,16,31
0,139,16,34
0,141,16,39
0,143,16,40
0,145,16,41
0,147,16,40
0,149,16,41
0,1,17,35
0,3,17,34
0,5,17,35
0,7,17,37
0,9,17,685
0,11,17,35
0,13,17,30
0,15,17,30
0,17,17,30
0,19,17,30
0,21,17,30
0,23,17,30
0,25,17,30
0,27,17,31
0,29,17,36
0,31,17,40
0,33,17,41
0,35,17,33
0,37,17,37
0,39,17,52
0,41,17,155
0,43,17,539
0,45,17,703
0,47,17,714
0,49,17,719
0,51,17,722
0,53,17,726
0,55,17,731
0,57,17,735
0,59,17,739
0,61,17,744
0,63,17,749
0,65,17,749
0,67,17,102
0,69,17,47
0,71,17,33
0,73,17,31
0,75,17,31
0,77,17,31
0,79,17,31
0,81,17,31
0,83,17,31
0,85,17,31
0,87,17,28
0,89,17,38
0,91,17,40
0,93,17,37
0,95,17,32
0,97,17,31
0,99,17,31
0,101,17,31
0,103,17,31
0,105,17,31
0,107,17,31
0,109,17,31
0,111,17,31
0,113,17,31
0,115,17,31
0,117,17,31
0,119,17,31
0,121,17,31
0,123,17,31
0,125,17,31
0,127,17,31
0,129,17,31
0,131,17,31
0,133,17,31
0,135,17,31
0,137,17,31
0,139,17,31
0,141,17,31
0,143,17,31
0,145,17,29
0,147,17,37
0,149,17,40
0,1,18,35
0,3,18,34
0,5,18,35
0,7,18,37
0,9,18,697
0,11,18,35
0,13,18,30
0,15,18,31
0,17,18,30
0,19,18,30
0,21,18,30
0,23,18,30
0,25,18,30
0,27,18,30
0,29,18,31
0,31,18,31
0,33,18,31
0,35,18,30
0,37,18,38
0,39,18,47
0,41,18,76
0,43,18,205
0,45,18,644
0,47,18,713
0,49,18,725
0,51,18,732
0,53,18,738
0,55,18,744
0,57,18,750
0,59,18,755
0,61,18,758
0,63,18,762
0,65,18,766
0,67,18,155
0,69,18,53
0,71,18,34
0,73,18,31
0,75,18,31
0,77,18,31
0,79,18,31
0,81,18,31
0,83,18,31
0,85,18,31
0,87,18,31
0,89,18,31
0,91,18,31
0,93,18,31
0,95,18,28
0,97,18,38
0,99,18,40
0,101,18,35
0,103,18,32
0,105,18,31
0,107,18,31
0,109,18,30
0,111,18,31
0,113,18,31
0,115,18,31
0,117,18,31
0,119,18,31
0,121,18,30
0,123,18,31
0,125,18,31
0,127,18,31
0,129,18,31
0,131,18,31
0,133,18,31
0,135,18,31
0,137,18,31
0,139,18,31
0,141,18,30
0,143,18,31
0,145,18,30
0,147,18,30
0,149,18,30
0,1,19,34
0,3,19,35
0,5,19,34
0,7,19,37
0,9,19,707
0,11,19,35
0,13,19,31
0,15,19,31
0,17,19,30
0,19,19,30
0,21,19,30
0,23,19,30
0,25,19,31
0,27,19,31
0,29,19,31
0,31,19,31
0,33,19,31
0,35,19,31
0,37,19,31
0,39,19,31
0,41,19,42
0,43,19,69
0,45,19,331
0,47,19,698
0,49,19,709
0,51,19,729
0,53,19,742
0,55,19,751
0,57,19,755
0,59,19,759
0,61,19,763
0,63,19,767
0,65,19,771
0,67,19,672
0,69,19,68
0,71,19,37
0,73,19,31
0,75,19,31
0,77,19,31
0,79,19,31
0,81,19,31
0,83,19,31
0,85,19,31
0,87,19,31
0,89,19,31
0,91,19,31
0,93,19,31
0,95,19,31
0,97,19,31
0,99,19,31
0,101,19,31
0,103,19,34
0,105,19,39
0,107,19,40
0,109,19,33
0,111,19,32
0,113,19,31
0,115,19,31
0,117,19,31
0,119,19,31
0,121,19,31
0,123,19,31
0,125,19,31
0,127,19,31
0,129,19,31
0,131,19,31
0,133,19,31
0,135,19,31
0,137,19,31
0,139,19,31
0,141,19,31
0,143,19,31
0,145,19,30
0,147,19,30
0,149,19,30
0,1,20,35
0,3,20,34
0,5,20,34
0,7,20,307
0,9,20,720
0,11,20,35
0,13,20,39
0,15,20,31
0,17,20,30
0,19,20,29
0,21,20,30
0,23,20,30
0,25,20,30
0,27,20,30
0,29,20,31
0,31,20,31
0,33,20,31
0,35,20,31
0,37,20,31
0,39,20,31
0,41,20,43
0,43,20,71
0,45,20,345
0,47,20,712
0,49,20,742
0,51,20,761
0,53,20,755
0,55,20,744
0,57,20,728
0,59,20,743
0,61,20,754
0,63,20,761
0,65,20,766
0,67,20,767
0,69,20,287
0,71,20,50
0,73,20,32
0,75,20,31
0,77,20,31
0,79,20,30
0,81,20,31
0,83,20,31
0,85,20,31
0,87,20,31
0,89,20,31
0,91,20,31
0,93,20,31
0,95,20,31
0,97,20,31
0,99,20,31
0,101,20,31
0,103,20,31
0,105,20,30
0,107,20,31
0,109,20,31
0,111,20,37
0,113,20,40
0,115,20,37
0,117,20,32
0,119,20,31
0,121,20,31
0,123,20,31
0,125,20,31
0,127,20,31
0,129,20,31
0,131,20,31
0,133,20,31
0,135,20,31
0,137,20,31
0,139,20,31
0,141,20,31
0,143,20,31
0,145,20,30
0,147,20,30
0,149,20,30
0,1,21,32
0,3,21,34
0,5,21,34
0,7,21,478
0,9,21,715
0,11,21,35
0,13,21,39
0,15,21,41
0,17,21,30
0,19,21,30
0,21,21,30
0,23,21,30
0,25,21,31
0,27,21,31
0,29,21,31
0,31,21,31
0,33,21,31
0,35,21,37
0,37,21,54
0,39,21,137
0,41,21,525
0,43,21,661
0,45,21,661
0,47,21,676
0,49,21,703
0,51,21,731
0,53,21,742
0,55,21,748
0,57,21,759
0,59,21,770
0,61,21,753
0,63,21,728
0,65,21,745
0,67,21,753
0,69,21,756
0,71,21,534
0,73,21,54
0,75,21,36
0,77,21,32
0,79,21,31
0,81,21,31
0,83,21,31
0,85,21,31
0,87,21,31
0,89,21,31
0,91,21,31
0,93,21,30
0,95,21,31
0,97,21,31
0,99,21,31
0,101,21,30
0,103,21,31
0,105,21,31
0,107,21,31
0,109,21,31
0,111,21,31
0,113,21,31
0,115,21,31
0,117,21,36
0,119,21,40
0,121,21,44
0,123,21,32
0,125,21,31
0,127,21,31
0,129,21,31
0,131,21,31
0,133,21,31
0,135,21,31
0,137,21,31
0,139,21,31
0,141,21,31
0,143,21,31
0,145,21,30
0,147,21,30
0,149,21,31
0,1,22,34
0,3,22,35
0,5,22,32
0,7,22,620
0,9,22,99
0,11,22,84
0,13,22,40
0,15,22,41
0,17,22,31
0,19,22,29
0,21,22,30
0,23,22,30
0,25,22,31
0,27,22,31
0,29,22,31
0,31,22,38
0,33,22,66
0,35,22,214
0,37,22,572
0,39,22,668
0,41,22,244
0,43,22,65
0,45,22,36
0,47,22,32
0,49,22,39
0,51,22,73
0,53,22,425
0,55,22,737
0,57,22,752
0,59,22,756
0,61,22,758
0,63,22,759
0,65,22,775
0,67,22,760
0,69,22,732
0,71,22,735
0,73,22,746
0,75,22,102
0,77,22,50
0,79,22,33
0,81,22,31
0,83,22,31
0,85,22,31
0,87,22,31
0,89,22,31
0,91,22,31
0,93,22,31
0,95,22,31
0,97,22,31
0,99,22,31
0,101,22,31
0,103,22,31
0,105,22,31
0,107,22,31
0,109,22,31
0,111,22,31
0,113,22,31
0,115,22,31
0,117,22,30
0,119,22,31
0,121,22,31
0,123,22,31
0,125,22,39
0,127,22,40
0,129,22,35
0,131,22,31
0,133,22,31
0,135,22,31
0,137,22,31
0,139,22,31
0,141,22,31
0,143,22,30
0,145,22,30
0,147,22,30
0,149,22,41
0,1,23,34
0,3,23,34
0,5,23,35
0,7,23,651
0,9,23,43
0,11,23,477
0,13,23,36
0,15,23,40
0,17,23,41
0,19,23,30
0,21,23,30
0,23,23,30
0,25,23,31
0,27,23,33
0,29,23,53
0,31,23,144
0,33,23,538
0,35,23,686
0,37,23,391
0,39,23,68
0,41,23,38
0,43,23,32
0,45,23,31
0,47,23,31
0,49,23,31
0,51,23,33
0,53,23,60
0,55,23,227
0,57,23,652
0,59,23,748
0,61,23,755
0,63,23,758
0,65,23,760
0,67,23,760
0,69,23,760
0,71,23,775
0,73,23,770
0,75,23,755
0,77,23,532
0,79,23,67
0,81,23,37
0,83,23,32
0,85,23,31
0,87,23,31
0,89,23,31
0,91,23,31
0,93,23,30
0,95,23,31
0,97,23,31
0,99,23,31
0,101,23,31
0,103,23,31
0,105,23,31
0,107,23,31
0,109,23,31
0,111,23,31
0,113,23,30
0,115,23,31
0,117,23,31
0,119,23,31
0,121,23,31
0,123,23,31
0,125,23,31
0,127,23,31
0,129,23,28
0,131,23,38
0,133,23,40
0,135,23,35
0,137,23,32
0,139,23,31
0,141,23,31
0,143,23,30
0,145,23,31
0,147,23,41
0,149,23,41
0,1,24,34
0,3,24,34
0,5,24,35
0,7,24,671
0,9,24,35
0,11,24,320
0,13,24,30
0,15,24,31
0,17,24,30
0,19,24,34
0,21,24,39
0,23,24,40
0,25,24,36
0,27,24,46
0,29,24,92
0,31,24,479
0,33,24,693
0,35,24,185
0,37,24,70
0,39,24,41
0,41,24,32
0,43,24,31
0,45,24,31
0,47,24,31
0,49,24,31
0,51,24,31
0,53,24,36
0,55,24,66
0,57,24,202
0,59,24,628
0,61,24,750
0,63,24,757
0,65,24,761
0,67,24,761
0,69,24,762
0,71,24,762
0,73,24,763
0,75,24,764
0,77,24,764
0,79,24,500
0,81,24,66
0,83,24,47
0,85,24,33
0,87,24,32
0,89,24,31
0,91,24,31
0,93,24,31
0,95,24,31
0,97,24,31
0,99,24,31
0,101,24,31
0,103,24,31
0,105,24,30
0,107,24,31
0,109,24,31
0,111,24,31
0,113,24,31
0,115,24,31
0,117,24,31
0,119,24,31
0,121,24,31
0,123,24,31
0,125,24,31
0,127,24,31
0,129,24,31
0,131,24,31
0,133,24,31
0,135,24,31
0,137,24,36
0,139,24,40
0,141,24,41
0,143,24,32
0,145,24,41
0,147,24,40
0,149,24,41
0,1,25,34
0,3,25,34
0,5,25,35
0,7,25,684
0,9,25,34
0,11,25,107
0,13,25,32
0,15,25,31
0,17,25,30
0,19,25,30
0,21,25,30
0,23,25,32
0,25,25,37
0,27,25,67
0,29,25,189
0,31,25,610
0,33,25,673
0,35,25,85
0,37,25,47
0,39,25,34
0,41,25,31
0,43,25,31
0,45,25,31
0,47,25,31
0,49,25,31
0,51,25,31
0,53,25,31
0,55,25,37
0,57,25,59
0,59,25,148
0,61,25,608
0,63,25,748
0,65,25,756
0,67,25,757
0,69,25,759
0,71,25,759
0,73,25,760
0,75,25,760
0,77,25,760
0,79,25,761
0,81,25,314
0,83,25,70
0,85,25,41
0,87,25,41
0,89,25,40
0,91,25,33
0,93,25,32
0,95,25,31
0,97,25,31
0,99,25,31
0,101,25,31
0,103,25,31
0,105,25,31
0,107,25,31
0,109,25,31
0,111,25,31
0,113,25,31
0,115,25,31
0,117,25,31
0,119,25,31
0,121,25,31
0,123,25,31
0,125,25,31
0,127,25,31
0,129,25,30
0,131,25,31
0,133,25,31
0,135,25,31
0,137,25,31
0,139,25,31
0,141,25,31
0,143,25,34
0,145,25,39
0,147,25,40
0,149,25,40
0,1,26,34
0,3,26,34
0,5,26,34
0,7,26,699
0,9,26,34
0,11,26,50
0,13,26,37
0,15,26,31
0,17,26,30
0,19,26,30
0,21,26,32
0,23,26,37
0,25,26,50
0,27,26,85
0,29,26,476
0,31,26,702
0,33,26,304
0,35,26,62
0,37,26,51
0,39,26,34
0,41,26,32
0,43,26,31
0,45,26,31
0,47,26,31
0,49,26,31
0,51,26,31
0,53,26,31
0,55,26,31
0,57,26,37
0,59,26,57
0,61,26,144
0,63,26,626
0,65,26,738
0,67,26,743
0,69,26,745
0,71,26,747
0,73,26,748
0,75,26,748
0,77,26,748
0,79,26,749
0,81,26,749
0,83,26,359
0,85,26,54
0,87,26,39
0,89,26,32
0,91,26,28
0,93,26,37
0,95,26,40
0,97,26,38
0,99,26,32
0,101,26,32
0,103,26,31
0,105,26,31
0,107,26,31
0,109,26,31
0,111,26,31
0,113,26,31
0,115,26,31
0,117,26,31
0,119,26,31
0,121,26,31
0,123,26,31
0,125,26,31
0,127,26,31
0,129,26,31
0,131,26,31
0,133,26,30
0,135,26,31
0,137,26,31
0,139,26,31
0,141,26,31
0,143,26,31
0,145,26,30
0,147,26,30
0,149,26,26
0,1,27,34
0,3,27,34
0,5,27,34
0,7,27,684
0,9,27,35
0,11,27,36
0,13,27,55
0,15,27,34
0,17,27,34
0,19,27,34
0,21,27,36
0,23,27,46
0,25,27,73
0,27,27,170
0,29,27,634
0,31,27,619
0,33,27,67
0,35,27,39
0,37,27,33
0,39,27,28
0,41,27,38
0,43,27,40
0,45,27,36
0,47,27,32
0,49,27,32
0,51,27,31
0,53,27,31
0,55,27,31
0,57,27,31
0,59,27,39
0,61,27,95
0,63,27,383
0,65,27,723
0,67,27,738
0,69,27,741
0,71,27,743
0,73,27,744
0,75,27,745
0,77,27,745
0,79,27,745
0,81,27,746
0,83,27,746
0,85,27,95
0,87,27,48
0,89,27,33
0,91,27,31
0,93,27,31
0,95,27,31
0,97,27,31
0,99,27,36
0,101,27,39
0,103,27,40
0,105,27,33
0,107,27,32
0,109,27,31
0,111,27,31
0,113,27,31
0,115,27,31
0,117,27,31
0,119,27,31
0,121,27,31
0,123,27,31
0,125,27,31
0,127,27,31
0,129,27,31
0,131,27,31
0,133,27,31
0,135,27,31
0,137,27,31
0,139,27,31
0,141,27,31
0,143,27,31
0,145,27,30
0,147,27,30
0,149,27,30
0,1,28,34
0,3,28,34
0,5,28,34
0,7,28,689
0,9,28,34
0,11,28,35
0,13,28,66
0,15,28,36
0,17,28,34
0,19,28,34
0,21,28,37
0,23,28,45
0,25,28,71
0,27,28,161
0,29,28,607
0,31,28,515
0,33,28,71
0,35,28,39
0,37,28,32
0,39,28,31
0,41,28,31
0,43,28,31
0,45,28,31
0,47,28,34
0,49,28,39
0,51,28,40
0,53,28,33
0,55,28,32
0,57,28,31
0,59,28,31
0,61,28,42
0,63,28,82
0,65,28,441
0,67,28,714
0,69,28,734
0,71,28,738
0,73,28,740
0,75,28,740
0,77,28,740
0,79,28,741
0,81,28,742
0,83,28,743
0,85,28,743
0,87,28,139
0,89,28,50
0,91,28,33
0,93,28,31
0,95,28,31
0,97,28,31
0,99,28,31
0,101,28,31
0,103,28,30
0,105,28,31
0,107,28,36
0,109,28,40
0,111,28,38
0,113,28,32
0,115,28,31
0,117,28,31
0,119,28,31
0,121,28,31
0,123,28,31
0,125,28,31
0,127,28,31
0,129,28,30
0,131,28,31
0,133,28,31
0,135,28,31
0,137,28,31
0,139,28,31
0,141,28,31
0,143,28,30
0,145,28,30
0,147,28,30
0,149,28,30
0,1,29,35
0,3,29,34
0,5,29,242
0,7,29,703
0,9,29,34
0,11,29,56
0,13,29,45
0,15,29,43
0,17,29,32
0,19,29,32
0,21,29,34
0,23,29,42
0,25,29,62
0,27,29,121
0,29,29,578
0,31,29,565
0,33,29,68
0,35,29,39
0,37,29,32
0,39,29,31
0,41,29,31
0,43,29,31
0,45,29,31
0,47,29,31
0,49,29,31
0,51,29,31
0,53,29,30
0,55,29,36
0,57,29,40
0,59,29,46
0,61,29,35
0,63,29,53
0,65,29,167
0,67,29,566
0,69,29,722
0,71,29,733
0,73,29,737
0,75,29,738
0,77,29,739
0,79,29,740
0,81,29,741
0,83,29,742
0,85,29,742
0,87,29,743
0,89,29,111
0,91,29,43
0,93,29,31
0,95,29,30
0,97,29,31
0,99,29,31
0,101,29,31
0,103,29,31
0,105,29,31
0,107,29,31
0,109,29,31
0,111,29,31
0,113,29,34
0,115,29,39
0,117,29,40
0,119,29,33
0,121,29,31
0,123,29,31
0,125,29,31
0,127,29,31
0,129,29,31
0,131,29,31
0,133,29,31
0,135,29,31
0,137,29,31
0,139,29,31
0,141,29,31
0,143,29,31
0,145,29,30
0,147,29,30
0,149,29,30
0,1,30,32
0,3,30,30
0,5,30,300
0,7,30,702
0,9,30,35
0,11,30,55
0,13,30,44
0,15,30,42
0,17,30,32
0,19,30,31
0,21,30,32
0,23,30,37
0,25,30,51
0,27,30,85
0,29,30,495
0,31,30,704
0,33,30,83
0,35,30,42
0,37,30,33
0,39,30,31
0,41,30,31
0,43,30,31
0,45,30,31
0,47,30,31
0,49,30,31
0,51,30,31
0,53,30,31
0,55,30,31
0,57,30,31
0,59,30,31
0,61,30,28
0,63,30,49
0,65,30,105
0,67,30,330
0,69,30,676
0,71,30,717
0,73,30,727
0,75,30,732
0,77,30,734
0,79,30,736
0,81,30,737
0,83,30,739
0,85,30,740
0,87,30,741
0,89,30,741
0,91,30,81
0,93,30,36
0,95,30,31
0,97,30,31
0,99,30,31
0,101,30,31
0,103,30,31
0,105,30,31
0,107,30,31
0,109,30,31
0,111,30,31
0,113,30,31
0,115,30,31
0,117,30,31
0,119,30,28
0,121,30,38
0,123,30,40
0,125,30,35
0,127,30,32
0,129,30,31
0,131,30,31
0,133,30,31
0,135,30,31
0,137,30,31
0,139,30,31
0,141,30,31
0,143,30,31
0,145,30,30
0,147,30,30
0,149,30,32
0,1,31,34
0,3,31,34
0,5,31,410
0,7,31,700
0,9,31,33
0,11,31,86
0,13,31,39
0,15,31,41
0,17,31,41
0,19,31,30
0,21,31,30
0,23,31,31
0,25,31,36
0,27,31,46
0,29,31,157
0,31,31,599
0,33,31,656
0,35,31,65
0,37,31,43
0,39,31,33
0,41,31,31
0,43,31,31
0,45,31,31
0,47,31,31
0,49,31,31
0,51,31,31
0,53,31,31
0,55,31,31
0,57,31,31
0,59,31,31
0,61,31,31
0,63,31,41
0,65,31,69
0,67,31,195
0,69,31,632
0,71,31,727
0,73,31,706
0,75,31,709
0,77,31,720
0,79,31,732
0,81,31,737
0,83,31,740
0,85,31,742
0,87,31,743
0,89,31,745
0,91,31,725
0,93,31,54
0,95,31,33
0,97,31,31
0,99,31,31
0,101,31,30
0,103,31,31
0,105,31,31
0,107,31,31
0,109,31,30
0,111,31,31
0,113,31,31
0,115,31,31
0,117,31,31
0,119,31,31
0,121,31,31
0,123,31,31
0,125,31,31
0,127,31,36
0,129,31,40
0,131,31,39
0,133,31,32
0,135,31,31
0,137,31,31
0,139,31,31
0,141,31,31
0,143,31,31
0,145,31,31
0,147,31,31
0,149,31,40
0,1,32,34
0,3,32,34
0,5,32,470
0,7,32,702
0,9,32,34
0,11,32,181
0,13,32,31
0,15,32,34
0,17,32,39
0,19,32,30
0,21,32,32
0,23,32,30
0,25,32,31
0,27,32,36
0,29,32,111
0,31,32,278
0,33,32,663
0,35,32,134
0,37,32,63
0,39,32,40
0,41,32,31
0,43,32,31
0,45,32,31
0,47,32,31
0,49,32,31
0,51,32,31
0,53,32,31
0,55,32,31
0,57,32,31
0,59,32,31
0,61,32,31
0,63,32,36
0,65,32,69
0,67,32,252
0,69,32,669
0,71,32,720
0,73,32,727
0,75,32,745
0,77,32,733
0,79,32,720
0,81,32,712
0,83,32,724
0,85,32,736
0,87,32,738
0,89,32,743
0,91,32,745
0,93,32,80
0,95,32,38
0,97,32,32
0,99,32,31
0,101,32,31
0,103,32,31
0,105,32,31
0,107,32,31
0,109,32,31
0,111,32,31
0,113,32,31
0,115,32,31
0,117,32,31
0,119,32,31
0,121,32,31
0,123,32,31
0,125,32,31
0,127,32,31
0,129,32,31
0,131,32,31
0,133,32,36
0,135,32,39
0,137,32,41
0,139,32,32
0,141,32,31
0,143,32,31
0,145,32,32
0,147,32,40
0,149,32,41
0,1,33,35
0,3,33,34
0,5,33,500
0,7,33,703
0,9,33,34
0,11,33,329
0,13,33,30
0,15,33,30
0,17,33,30
0,19,33,30
0,21,33,35
0,23,33,38
0,25,33,40
0,27,33,31
0,29,33,45
0,31,33,113
0,33,33,438
0,35,33,713
0,37,33,146
0,39,33,59
0,41,33,36
0,43,33,31
0,45,33,31
0,47,33,31
0,49,33,31
0,51,33,31
0,53,33,31
0,55,33,31
0,57,33,31
0,59,33,31
0,61,33,31
0,63,33,38
0,65,33,78
0,67,33,248
0,69,33,668
0,71,33,720
0,73,33,728
0,75,33,732
0,77,33,734
0,79,33,737
0,81,33,753
0,83,33,743
0,85,33,728
0,87,33,710
0,89,33,731
0,91,33,740
0,93,33,179
0,95,33,46
0,97,33,34
0,99,33,31
0,101,33,31
0,103,33,31
0,105,33,30
0,107,33,31
0,109,33,31
0,111,33,31
0,113,33,31
0,115,33,30
0,117,33,31
0,119,33,31
0,121,33,31
0,123,33,31
0,125,33,31
0,127,33,31
0,129,33,31
0,131,33,31
0,133,33,31
0,135,33,31
0,137,33,31
0,139,33,36
0,141,33,40
0,143,33,39
0,145,33,41
0,147,33,40
0,149,33,40
0,1,34,35
0,3,34,34
0,5,34,543
0,7,34,702
0,9,34,34
0,11,34,462
0,13,34,30
0,15,34,30
0,17,34,30
0,19,34,30
0,21,34,30
0,23,34,30
0,25,34,30
0,27,34,31
0,29,34,39
0,31,34,54
0,33,34,99
0,35,34,433
0,37,34,675
0,39,34,506
0,41,34,65
0,43,34,41
0,45,34,31
0,47,34,31
0,49,34,31
0,51,34,31
0,53,34,31
0,55,34,31
0,57,34,31
0,59,34,31
0,61,34,31
0,63,34,35
0,65,34,63
0,67,34,219
0,69,34,652
0,71,34,719
0,73,34,728
0,75,34,734
0,77,34,737
0,79,34,740
0,81,34,743
0,83,34,745
0,85,34,748
0,87,34,763
0,89,34,752
0,91,34,736
0,93,34,721
0,95,34,70
0,97,34,41
0,99,34,32
0,101,34,31
0,103,34,31
0,105,34,31
0,107,34,31
0,109,34,31
0,111,34,31
0,113,34,31
0,115,34,31
0,117,34,31
0,119,34,31
0,121,34,31
0,123,34,31
0,125,34,31
0,127,34,31
0,129,34,30
0,131,34,31
0,133,34,31
0,135,34,31
0,137,34,31
0,139,34,31
0,141,34,31
0,143,34,30
0,145,34,36
0,147,34,39
0,149,34,40
0,1,35,35
0,3,35,34
0,5,35,571
0,7,35,707
0,9,35,34
0,11,35,195
0,13,35,31
0,15,35,30
0,17,35,30
0,19,35,30
0,21,35,30
0,23,35,30
0,25,35,31
0,27,35,31
0,29,35,31
0,31,35,33
0,33,35,45
0,35,35,118
0,37,35,315
0,39,35,611
0,41,35,586
0,43,35,88
0,45,35,39
0,47,35,32
0,49,35,31
0,51,35,31
0,53,35,31
0,55,35,31
0,57,35,31
0,59,35,31
0,61,35,31
0,63,35,34
0,65,35,65
0,67,35,218
0,69,35,624
0,71,35,719
0,73,35,730
0,75,35,735
0,77,35,738
0,79,35,741
0,81,35,745
0,83,35,747
0,85,35,750
0,87,35,751
0,89,35,752
0,91,35,753
0,93,35,767
0,95,35,157
0,97,35,63
0,99,35,39
0,101,35,32
0,103,35,31
0,105,35,31
0,107,35,31
0,109,35,31
0,111,35,31
0,113,35,31
0,115,35,31
0,117,35,31
0,119,35,30
0,121,35,31
0,123,35,31
0,125,35,30
0,127,35,31
0,129,35,30
0,131,35,31
0,133,35,31
0,135,35,31
0,137,35,30
0,139,35,31
0,141,35,30
0,143,35,31
0,145,35,30
0,147,35,30
0,149,35,29
0,1,36,34
0,3,36,34
0,5,36,582
0,7,36,710
0,9,36,34
0,11,36,74
0,13,36,31
0,15,36,31
0,17,36,30
0,19,36,30
0,21,36,30
0,23,36,30
0,25,36,30
0,27,36,30
0,29,36,31
0,31,36,31
0,33,36,33
0,35,36,49
0,37,36,74
0,39,36,214
0,41,36,637
0,43,36,734
0,45,36,91
0,47,36,47
0,49,36,34
0,51,36,31
0,53,36,31
0,55,36,31
0,57,36,31
0,59,36,31
0,61,36,31
0,63,36,34
0,65,36,61
0,67,36,165
0,69,36,602
0,71,36,725
0,73,36,736
0,75,36,743
0,77,36,747
0,79,36,752
0,81,36,756
0,83,36,759
0,85,36,762
0,87,36,763
0,89,36,765
0,91,36,766
0,93,36,767
0,95,36,742
0,97,36,79
0,99,36,48
0,101,36,40
0,103,36,40
0,105,36,33
0,107,36,32
0,109,36,31
0,111,36,31
0,113,36,31
0,115,36,31
0,117,36,31
0,119,36,31
0,121,36,31
0,123,36,30
0,125,36,31
0,127,36,31
0,129,36,31
0,131,36,31
0,133,36,31
0,135,36,31
0,137,36,31
0,139,36,31
0,141,36,30
0,143,36,31
0,145,36,30
0,147,36,30
0,149,36,29
0,1,37,34
0,3,37,35
0,5,37,574
0,7,37,700
0,9,37,34
0,11,37,49
0,13,37,37
0,15,37,31
0,17,37,31
0,19,37,30
0,21,37,30
0,23,37,30
0,25,37,31
0,27,37,31
0,29,37,31
0,31,37,31
0,33,37,31
0,35,37,33
0,37,37,43
0,39,37,71
0,41,37,242
0,43,37,599
0,45,37,721
0,47,37,119
0,49,37,59
0,51,37,44
0,53,37,33
0,55,37,32
0,57,37,31
0,59,37,31
0,61,37,31
0,63,37,38
0,65,37,58
0,67,37,171
0,69,37,615
0,71,37,707
0,73,37,718
0,75,37,725
0,77,37,729
0,79,37,734
0,81,37,739
0,83,37,742
0,85,37,746
0,87,37,749
0,89,37,751
0,91,37,754
0,93,37,756
0,95,37,756
0,97,37,97
0,99,37,48
0,101,37,34
0,103,37,31
0,105,37,28
0,107,37,38
0,109,37,40
0,111,37,34
0,113,37,32
0,115,37,31
0,117,37,31
0,119,37,31
0,121,37,31
0,123,37,31
0,125,37,30
0,127,37,31
0,129,37,31
0,131,37,31
0,133,37,31
0,135,37,31
0,137,37,31
0,139,37,31
0,141,37,31
0,143,37,31
0,145,37,30
0,147,37,30
0,149,37,30
0,1,38,34
0,3,38,34
0,5,38,670
0,7,38,645
0,9,38,82
0,11,38,35
0,13,38,39
0,15,38,36
0,17,38,30
0,19,38,30
0,21,38,30
0,23,38,30
0,25,38,30
0,27,38,31
0,29,38,31
0,31,38,31
0,33,38,31
0,35,38,31
0,37,38,31
0,39,38,34
0,41,38,51
0,43,38,94
0,45,38,508
0,47,38,718
0,49,38,688
0,51,38,90
0,53,38,37
0,55,38,38
0,57,38,40
0,59,38,37
0,61,38,32
0,63,38,35
0,65,38,52
0,67,38,146
0,69,38,561
0,71,38,700
0,73,38,712
0,75,38,719
0,77,38,724
0,79,38,729
0,81,38,735
0,83,38,740
0,85,38,745
0,87,38,748
0,89,38,751
0,91,38,754
0,93,38,758
0,95,38,760
0,97,38,216
0,99,38,61
0,101,38,35
0,103,38,31
0,105,38,31
0,107,38,31
0,109,38,31
0,111,38,28
0,113,38,38
0,115,38,40
0,117,38,35
0,119,38,32
0,121,38,31
0,123,38,31
0,125,38,31
0,127,38,30
0,129,38,31
0,131,38,30
0,133,38,31
0,135,38,31
0,137,38,31
0,139,38,31
0,141,38,30
0,143,38,30
0,145,38,30
0,147,38,30
0,149,38,30
0,1,39,32
0,3,39,34
0,5,39,677
0,7,39,648
0,9,39,521
0,11,39,35
0,13,39,39
0,15,39,41
0,17,39,31
0,19,39,30
0,21,39,30
0,23,39,30
0,25,39,31
0,27,39,31
0,29,39,30
0,31,39,31
0,33,39,31
0,35,39,31
0,37,39,31
0,39,39,31
0,41,39,31
0,43,39,31
0,45,39,40
0,47,39,60
0,49,39,160
0,51,39,553
0,53,39,717
0,55,39,116
0,57,39,56
0,59,39,33
0,61,39,38
0,63,39,40
0,65,39,55
0,67,39,125
0,69,39,480
0,71,39,688
0,73,39,706
0,75,39,715
0,77,39,721
0,79,39,727
0,81,39,734
0,83,39,739
0,85,39,745
0,87,39,749
0,89,39,753
0,91,39,758
0,93,39,764
0,95,39,768
0,97,39,762
0,99,39,99
0,101,39,42
0,103,39,31
0,105,39,31
0,107,39,31
0,109,39,31
0,111,39,31
0,113,39,31
0,115,39,31
0,117,39,28
0,119,39,38
0,121,39,40
0,123,39,34
0,125,39,32
0,127,39,31
0,129,39,31
0,131,39,30
0,133,39,30
0,135,39,31
0,137,39,31
0,139,39,31
0,141,39,31
0,143,39,30
0,145,39,31
0,147,39,30
0,149,39,31
0,1,40,34
0,3,40,34
0,5,40,666
0,7,40,692
0,9,40,52
0,11,40,35
0,13,40,39
0,15,40,41
0,17,40,32
0,19,40,30
0,21,40,30
0,23,40,31
0,25,40,31
0,27,40,31
0,29,40,31
0,31,40,31
0,33,40,31
0,35,40,31
0,37,40,31
0,39,40,31
0,41,40,31
0,43,40,31
0,45,40,31
0,47,40,31
0,49,40,31
0,51,40,40
0,53,40,96
0,55,40,406
0,57,40,694
0,59,40,716
0,61,40,102
0,63,40,53
0,65,40,56
0,67,40,132
0,69,40,489
0,71,40,665
0,73,40,688
0,75,40,706
0,77,40,718
0,79,40,727
0,81,40,734
0,83,40,738
0,85,40,745
0,87,40,748
0,89,40,753
0,91,40,758
0,93,40,765
0,95,40,769
0,97,40,758
0,99,40,90
0,101,40,42
0,103,40,32
0,105,40,31
0,107,40,31
0,109,40,31
0,111,40,31
0,113,40,31
0,115,40,31
0,117,40,30
0,119,40,31
0,121,40,31
0,123,40,28
0,125,40,38
0,127,40,40
0,129,40,41
0,131,40,32
0,133,40,31
0,135,40,31
0,137,40,31
0,139,40,31
0,141,40,31
0,143,40,31
0,145,40,31
0,147,40,31
0,149,40,41
0,1,41,34
0,3,41,34
0,5,41,658
0,7,41,704
0,9,41,34
0,11,41,35
0,13,41,36
0,15,41,40
0,17,41,41
0,19,41,30
0,21,41,32
0,23,41,31
0,25,41,31
0,27,41,31
0,29,41,31
0,31,41,31
0,33,41,31
0,35,41,31
0,37,41,31
0,39,41,31
0,41,41,31
0,43,41,31
0,45,41,31
0,47,41,31
0,49,41,31
0,51,41,31
0,53,41,31
0,55,41,32
0,57,41,42
0,59,41,82
0,61,41,249
0,63,41,693
0,65,41,718
0,67,41,722
0,69,41,723
0,71,41,723
0,73,41,737
0,75,41,724
0,77,41,713
0,79,41,710
0,81,41,727
0,83,41,735
0,85,41,745
0,87,41,748
0,89,41,754
0,91,41,759
0,93,41,764
0,95,41,769
0,97,41,561
0,99,41,69
0,101,41,39
0,103,41,31
0,105,41,31
0,107,41,31
0,109,41,31
0,111,41,31
0,113,41,31
0,115,41,31
0,117,41,31
0,119,41,30
0,121,41,31
0,123,41,30
0,125,41,31
0,127,41,30
0,129,41,29
0,131,41,37
0,133,41,39
0,135,41,36
0,137,41,32
0,139,41,31
0,141,41,31
0,143,41,31
0,145,41,31
0,147,41,40
0,149,41,40
0,1,42,34
0,3,42,34
0,5,42,644
0,7,42,708
0,9,42,34
0,11,42,34
0,13,42,31
0,15,42,31
0,17,42,31
0,19,42,31
0,21,42,30
0,23,42,31
0,25,42,31
0,27,42,31
0,29,42,31
0,31,42,31
0,33,42,31
0,35,42,31
0,37,42,31
0,39,42,31
0,41,42,31
0,43,42,31
0,45,42,31
0,47,42,31
0,49,42,31
0,51,42,31
0,53,42,31
0,55,42,31
0,57,42,31
0,59,42,33
0,61,42,47
0,63,42,129
0,65,42,556
0,67,42,711
0,69,42,722
0,71,42,727
0,73,42,731
0,75,42,733
0,77,42,736
0,79,42,753
0,81,42,743
0,83,42,730
0,85,42,723
0,87,42,722
0,89,42,749
0,91,42,757
0,93,42,763
0,95,42,768
0,97,42,165
0,99,42,54
0,101,42,34
0,103,42,31
0,105,42,31
0,107,42,31
0,109,42,31
0,111,42,31
0,113,42,31
0,115,42,31
0,117,42,31
0,119,42,31
0,121,42,31
0,123,42,31
0,125,42,31
0,127,42,31
0,129,42,31
0,131,42,31
0,133,42,31
0,135,42,30
0,137,42,37
0,139,42,39
0,141,42,36
0,143,42,32
0,145,42,41
0,147,42,40
0,149,42,40
0,1,43,35
0,3,43,34
0,5,43,617
0,7,43,709
0,9,43,34
0,11,43,35
0,13,43,31
0,15,43,31
0,17,43,31
0,19,43,31
0,21,43,31
0,23,43,31
0,25,43,31
0,27,43,31
0,29,43,40
0,31,43,35
0,33,43,32
0,35,43,31
0,37,43,31
0,39,43,31
0,41,43,31
0,43,43,31
0,45,43,31
0,47,43,31
0,49,43,31
0,51,43,31
0,53,43,31
0,55,43,31
0,57,43,31
0,59,43,31
0,61,43,31
0,63,43,35
0,65,43,60
0,67,43,152
0,69,43,562
0,71,43,721
0,73,43,733
0,75,43,738
0,77,43,741
0,79,43,744
0,81,43,747
0,83,43,750
0,85,43,769
0,87,43,760
0,89,43,745
0,91,43,730
0,93,43,749
0,95,43,681
0,97,43,77
0,99,43,43
0,101,43,32
0,103,43,31
0,105,43,31
0,107,43,31
0,109,43,31
0,111,43,31
0,113,43,31
0,115,43,31
0,117,43,31
0,119,43,31
0,121,43,31
0,123,43,31
0,125,43,31
0,127,43,31
0,129,43,31
0,131,43,31
0,133,43,31
0,135,43,31
0,137,43,31
0,139,43,31
0,141,43,31
0,143,43,35
0,145,43,39
0,147,43,40
0,149,43,40
0,1,44,35
0,3,44,35
0,5,44,560
0,7,44,706
0,9,44,35
0,11,44,35
0,13,44,31
0,15,44,32
0,17,44,31
0,19,44,31
0,21,44,31
0,23,44,31
0,25,44,31
0,27,44,31
0,29,44,31
0,31,44,31
0,33,44,36
0,35,44,40
0,37,44,41
0,39,44,33
0,41,44,32
0,43,44,32
0,45,44,31
0,47,44,31
0,49,44,31
0,51,44,31
0,53,44,31
0,55,44,31
0,57,44,31
0,59,44,31
0,61,44,31
0,63,44,36
0,65,44,52
0,67,44,142
0,69,44,563
0,71,44,716
0,73,44,726
0,75,44,731
0,77,44,735
0,79,44,738
0,81,44,742
0,83,44,744
0,85,44,748
0,87,44,750
0,89,44,753
0,91,44,763
0,93,44,771
0,95,44,151
0,97,44,54
0,99,44,36
0,101,44,31
0,103,44,31
0,105,44,31
0,107,44,31
0,109,44,31
0,111,44,31
0,113,44,31
0,115,44,31
0,117,44,31
0,119,44,31
0,121,44,31
0,123,44,31
0,125,44,31
0,127,44,31
0,129,44,31
0,131,44,31
0,133,44,31
0,135,44,30
0,137,44,31
0,139,44,31
0,141,44,31
0,143,44,31
0,145,44,30
0,147,44,30
0,149,44,32
0,1,45,34
0,3,45,34
0,5,45,461
0,7,45,702
0,9,45,34
0,11,45,35
0,13,45,31
0,15,45,31
0,17,45,31
0,19,45,31
0,21,45,31
0,23,45,31
0,25,45,31
0,27,45,31
0,29,45,31
0,31,45,31
0,33,45,31
0,35,45,31
0,37,45,31
0,39,45,36
0,41,45,39
0,43,45,40
0,45,45,35
0,47,45,33
0,49,45,32
0,51,45,31
0,53,45,31
0,55,45,31
0,57,45,31
0,59,45,31
0,61,45,31
0,63,45,37
0,65,45,52
0,67,45,155
0,69,45,597
0,71,45,716
0,73,45,725
0,75,45,729
0,77,45,732
0,79,45,736
0,81,45,740
0,83,45,743
0,85,45,747
0,87,45,750
0,89,45,753
0,91,45,757
0,93,45,315
0,95,45,60
0,97,45,39
0,99,45,36
0,101,45,39
0,103,45,47
0,105,45,34
0,107,45,31
0,109,45,31
0,111,45,31
0,113,45,31
0,115,45,31
0,117,45,31
0,119,45,31
0,121,45,31
0,123,45,31
0,125,45,31
0,127,45,31
0,129,45,31
0,131,45,31
0,133,45,31
0,135,45,31
0,137,45,31
0,139,45,31
0,141,45,31
0,143,45,31
0,145,45,30
0,147,45,30
0,149,45,30
0,1,46,34
0,3,46,34
0,5,46,226
0,7,46,698
0,9,46,34
0,11,46,35
0,13,46,37
0,15,46,32
0,17,46,31
0,19,46,31
0,21,46,31
0,23,46,31
0,25,46,31
0,27,46,31
0,29,46,31
0,31,46,31
0,33,46,31
0,35,46,31
0,37,46,31
0,39,46,31
0,41,46,31
0,43,46,31
0,45,46,31
0,47,46,36
0,49,46,39
0,51,46,43
0,53,46,33
0,55,46,32
0,57,46,31
0,59,46,31
0,61,46,31
0,63,46,37
0,65,46,61
0,67,46,199
0,69,46,638
0,71,46,718
0,73,46,726
0,75,46,730
0,77,46,733
0,79,46,737
0,81,46,741
0,83,46,744
0,85,46,748
0,87,46,751
0,89,46,755
0,91,46,757
0,93,46,77
0,95,46,40
0,97,46,32
0,99,46,31
0,101,46,31
0,103,46,31
0,105,46,28
0,107,46,38
0,109,46,40
0,111,46,34
0,113,46,32
0,115,46,31
0,117,46,31
0,119,46,31
0,121,46,31
0,123,46,31
0,125,46,31
0,127,46,31
0,129,46,31
0,131,46,31
0,133,46,31
0,135,46,30
0,137,46,31
0,139,46,31
0,141,46,31
0,143,46,31
0,145,46,30
0,147,46,30
0,149,46,30
0,1,47,35
0,3,47,34
0,5,47,447
0,7,47,696
0,9,47,34
0,11,47,35
0,13,47,39
0,15,47,33
0,17,47,31
0,19,47,31
0,21,47,31
0,23,47,31
0,25,47,31
0,27,47,30
0,29,47,31
0,31,47,31
0,33,47,31
0,35,47,31
0,37,47,31
0,39,47,31
0,41,47,31
0,43,47,31
0,45,47,31
0,47,47,31
0,49,47,31
0,51,47,31
0,53,47,30
0,55,47,37
0,57,47,40
0,59,47,39
0,61,47,33
0,63,47,43
0,65,47,92
0,67,47,373
0,69,47,699
0,71,47,719
0,73,47,725
0,75,47,730
0,77,47,733
0,79,47,738
0,81,47,743
0,83,47,746
0,85,47,750
0,87,47,753
0,89,47,754
0,91,47,145
0,93,47,42
0,95,47,32
0,97,47,31
0,99,47,31
0,101,47,31
0,103,47,31
0,105,47,31
0,107,47,31
0,109,47,31
0,111,47,30
0,113,47,35
0,115,47,39
0,117,47,43
0,119,47,33
0,121,47,31
0,123,47,31
0,125,47,31
0,127,47,31
0,129,47,31
0,131,47,30
0,133,47,31
0,135,47,30
0,137,47,31
0,139,47,31
0,141,47,31
0,143,47,30
0,145,47,30
0,147,47,30
0,149,47,30
0,1,48,32
0,3,48,31
0,5,48,578
0,7,48,702
0,9,48,34
0,11,48,35
0,13,48,39
0,15,48,41
0,17,48,31
0,19,48,31
0,21,48,31
0,23,48,31
0,25,48,31
0,27,48,31
0,29,48,31
0,31,48,31
0,33,48,31
0,35,48,31
0,37,48,31
0,39,48,31
0,41,48,31
0,43,48,31
0,45,48,31
0,47,48,31
0,49,48,31
0,51,48,31
0,53,48,31
0,55,48,31
0,57,48,31
0,59,48,32
0,61,48,40
0,63,48,107
0,65,48,452
0,67,48,670
0,69,48,700
0,71,48,714
0,73,48,724
0,75,48,730
0,77,48,735
0,79,48,739
0,81,48,743
0,83,48,745
0,85,48,749
0,87,48,751
0,89,48,753
0,91,48,754
0,93,48,166
0,95,48,47
0,97,48,34
0,99,48,31
0,101,48,31
0,103,48,31
0,105,48,31
0,107,48,31
0,109,48,31
0,111,48,31
0,113,48,31
0,115,48,31
0,117,48,31
0,119,48,31
0,121,48,38
0,123,48,40
0,125,48,33
0,127,48,32
0,129,48,31
0,131,48,31
0,133,48,31
0,135,48,31
0,137,48,31
0,139,48,31
0,141,48,31
0,143,48,31
0,145,48,30
0,147,48,30
0,149,48,32
0,1,49,34
0,3,49,34
0,5,49,55
0,7,49,671
0,9,49,34
0,11,49,35
0,13,49,38
0,15,49,41
0,17,49,32
0,19,49,30
0,21,49,31
0,23,49,31
0,25,49,31
0,27,49,31
0,29,49,31
0,31,49,31
0,33,49,31
0,35,49,31
0,37,49,31
0,39,49,31
0,41,49,31
0,43,49,31
0,45,49,31
0,47,49,31
0,49,49,31
0,51,49,31
0,53,49,31
0,55,49,31
0,57,49,37
0,59,49,59
0,61,49,231
0,63,49,613
0,65,49,705
0,67,49,714
0,69,49,728
0,71,49,713
0,73,49,684
0,75,49,697
0,77,49,702
0,79,49,712
0,81,49,716
0,83,49,716
0,85,49,83
0,87,49,49
0,89,49,49
0,91,49,101
0,93,49,554
0,95,49,752
0,97,49,594
0,99,49,74
0,101,49,39
0,103,49,31
0,105,49,31
0,107,49,31
0,109,49,31
0,111,49,31
0,113,49,31
0,115,49,31
0,117,49,31
0,119,49,31
0,121,49,31
0,123,49,31
0,125,49,28
0,127,49,37
0,129,49,40
0,131,49,35
0,133,49,32
0,135,49,31
0,137,49,31
0,139,49,31
0,141,49,30
0,143,49,31
0,145,49,30
0,147,49,31
0,149,49,40
0,1,50,34
0,3,50,35
0,5,50,35
0,7,50,654
0,9,50,34
0,11,50,35
0,13,50,31
0,15,50,36
0,17,50,40
0,19,50,30
0,21,50,33
0,23,50,31
0,25,50,31
0,27,50,31
0,29,50,31
0,31,50,31
0,33,50,31
0,35,50,31
0,37,50,31
0,39,50,31
0,41,50,31
0,43,50,31
0,45,50,31
0,47,50,31
0,49,50,31
0,51,50,31
0,53,50,31
0,55,50,36
0,57,50,57
0,59,50,180
0,61,50,598
0,63,50,702
0,65,50,709
0,67,50,711
0,69,50,711
0,71,50,710
0,73,50,709
0,75,50,723
0,77,50,709
0,79,50,688
0,81,50,553
0,83,50,97
0,85,50,41
0,87,50,33
0,89,50,31
0,91,50,40
0,93,50,111
0,95,50,518
0,97,50,754
0,99,50,770
0,101,50,97
0,103,50,41
0,105,50,31
0,107,50,31
0,109,50,31
0,111,50,31
0,113,50,31
0,115,50,31
0,117,50,31
0,119,50,31
0,121,50,31
0,123,50,31
0,125,50,31
0,127,50,31
0,129,50,31
0,131,50,31
0,133,50,36
0,135,50,39
0,137,50,39
0,139,50,32
0,141,50,31
0,143,50,31
0,145,50,31
0,147,50,40
0,149,50,40
0,1,51,34
0,3,51,34
0,5,51,35
0,7,51,629
0,9,51,36
0,11,51,34
0,13,51,31
0,15,51,31
0,17,51,31
0,19,51,31
0,21,51,30
0,23,51,31
0,25,51,31
0,27,51,31
0,29,51,32
0,31,51,31
0,33,51,31
0,35,51,31
0,37,51,31
0,39,51,31
0,41,51,31
0,43,51,31
0,45,51,31
0,47,51,31
0,49,51,31
0,51,51,31
0,53,51,34
0,55,51,57
0,57,51,151
0,59,51,557
0,61,51,698
0,63,51,708
0,65,51,712
0,67,51,713
0,69,51,712
0,71,51,711
0,73,51,711
0,75,51,713
0,77,51,716
0,79,51,648
0,81,51,64
0,83,51,48
0,85,51,40
0,87,51,40
0,89,51,32
0,91,51,31
0,93,51,44
0,95,51,122
0,97,51,430
0,99,51,744
0,101,51,774
0,103,51,79
0,105,51,39
0,107,51,32
0,109,51,31
0,111,51,31
0,113,51,31
0,115,51,31
0,117,51,31
0,119,51,31
0,121,51,31
0,123,51,30
0,125,51,31
0,127,51,31
0,129,51,31
0,131,51,31
0,133,51,31
0,135,51,31
0,137,51,31
0,139,51,34
0,141,51,39
0,143,51,40
0,145,51,40
0,147,51,40
0,149,51,40
0,1,52,35
0,3,52,35
0,5,52,34
0,7,52,594
0,9,52,50
0,11,52,35
0,13,52,31
0,15,52,31
0,17,52,31
0,19,52,31
0,21,52,30
0,23,52,31
0,25,52,31
0,27,52,31
0,29,52,36
0,31,52,31
0,33,52,43
0,35,52,33
0,37,52,32
0,39,52,31
0,41,52,31
0,43,52,31
0,45,52,31
0,47,52,31
0,49,52,31
0,51,52,33
0,53,52,49
0,55,52,136
0,57,52,554
0,59,52,698
0,61,52,709
0,63,52,714
0,65,52,719
0,67,52,724
0,69,52,726
0,71,52,728
0,73,52,731
0,75,52,734
0,77,52,398
0,79,52,58
0,81,52,34
0,83,52,32
0,85,52,31
0,87,52,28
0,89,52,37
0,91,52,40
0,93,52,40
0,95,52,50
0,97,52,106
0,99,52,363
0,101,52,769
0,103,52,790
0,105,52,67
0,107,52,42
0,109,52,32
0,111,52,31
0,113,52,31
0,115,52,31
0,117,52,31
0,119,52,31
0,121,52,31
0,123,52,31
0,125,52,31
0,127,52,31
0,129,52,31
0,131,52,31
0,133,52,31
0,135,52,31
0,137,52,31
0,139,52,31
0,141,52,31
0,143,52,31
0,145,52,29
0,147,52,38
0,149,52,39
0,1,53,34
0,3,53,37
0,5,53,34
0,7,53,551
0,9,53,125
0,11,53,35
0,13,53,31
0,15,53,31
0,17,53,31
0,19,53,30
0,21,53,30
0,23,53,31
0,25,53,30
0,27,53,31
0,29,53,31
0,31,53,31
0,33,53,31
0,35,53,36
0,37,53,39
0,39,53,40
0,41,53,34
0,43,53,35
0,45,53,32
0,47,53,31
0,49,53,32
0,51,53,43
0,53,53,94
0,55,53,466
0,57,53,714
0,59,53,735
0,61,53,741
0,63,53,746
0,65,53,751
0,67,53,755
0,69,53,757
0,71,53,757
0,73,53,759
0,75,53,186
0,77,53,63
0,79,53,37
0,81,53,31
0,83,53,31
0,85,53,31
0,87,53,31
0,89,53,31
0,91,53,31
0,93,53,30
0,95,53,41
0,97,53,63
0,99,53,143
0,101,53,524
0,103,53,790
0,105,53,158
0,107,53,60
0,109,53,37
0,111,53,31
0,113,53,31
0,115,53,31
0,117,53,30
0,119,53,31
0,121,53,31
0,123,53,31
0,125,53,30
0,127,53,30
0,129,53,31
0,131,53,31
0,133,53,31
0,135,53,31
0,137,53,31
0,139,53,30
0,141,53,31
0,143,53,31
0,145,53,30
0,147,53,30
0,149,53,29
0,1,54,33
0,3,54,37
0,5,54,33
0,7,54,383
0,9,54,679
0,11,54,34
0,13,54,31
0,15,54,30
0,17,54,30
0,19,54,29
0,21,54,29
0,23,54,30
0,25,54,30
0,27,54,30
0,29,54,30
0,31,54,30
0,33,54,30
0,35,54,30
0,37,54,30
0,39,54,30
0,41,54,29
0,43,54,36
0,45,54,39
0,47,54,43
0,49,54,42
0,51,54,74
0,53,54,315
0,55,54,683
0,57,54,712
0,59,54,718
0,61,54,722
0,63,54,728
0,65,54,733
0,67,54,736
0,69,54,738
0,71,54,738
0,73,54,193
0,75,54,53
0,77,54,37
0,79,54,30
0,81,54,30
0,83,54,30
0,85,54,30
0,87,54,30
0,89,54,30
0,91,54,30
0,93,54,30
0,95,54,31
0,97,54,39
0,99,54,67
0,101,54,258
0,103,54,737
0,105,54,733
0,107,54,113
0,109,54,50
0,111,54,32
0,113,54,30
0,115,54,30
0,117,54,30
0,119,54,30
0,121,54,30
0,123,54,30
0,125,54,30
0,127,54,30
0,129,54,30
0,131,54,30
0,133,54,30
0,135,54,30
0,137,54,29
0,139,54,30
0,141,54,29
0,143,54,30
0,145,54,29
0,147,54,29
0,149,54,29